SystematicName	ControlType	gTotalGeneSignal	gTotalGeneError	gIsGeneDetected
DarkCorner	1	3.60157	5.31932	0
NC1_00000197	-1	-0.953087	13.0275	0
NC1_00000215	-1	7.76169	13.0713	0
NC2_00079215	-1	2.19561	13.0425	0
NC2_00092197	-1	3.9614	13.0535	0
NC2_00106057	-1	7.59006	13.0902	0
NC2_00122731	-1	4.98393	13.0703	0
NegativeControl	-1	8.66069	58.7115	0
SCorner3	1	0.972484	1.02645	0
dmr_285	1	-0.68604	2.87628	0
dmr_3	1	-0.335895	2.87781	0
dmr_308	1	-0.36774	2.87844	0
dmr_316	1	0.277555	2.88054	0
dmr_31a	1	-1.50178	2.87622	0
dmr_6	1	2.37771	2.8928	0
ebv-miR-BART1-3p	0	-0.760087	1.6278	0
ebv-miR-BART1-5p	0	-1.09056	1.62767	0
ebv-miR-BART10	0	-0.825793	1.62808	0
ebv-miR-BART10*	0	-0.787399	1.62861	0
ebv-miR-BART11-3p	0	-0.450852	1.62975	0
ebv-miR-BART11-5p	0	1.20575	1.63087	0
ebv-miR-BART12	0	939.687	48.0607	1
ebv-miR-BART13	0	2.7788	2.31586	0
ebv-miR-BART13*	0	-0.698867	1.62816	0
ebv-miR-BART14	0	-1.2589	1.627	0
ebv-miR-BART14*	0	-0.567945	1.62753	0
ebv-miR-BART15	0	2.30365	1.64356	0
ebv-miR-BART16	0	5.11905	1.66055	0
ebv-miR-BART17-3p	0	-1.18282	1.62807	0
ebv-miR-BART17-5p	0	-1.22765	1.62816	0
ebv-miR-BART18-3p	0	0.864563	1.63179	0
ebv-miR-BART18-5p	0	-1.5935	1.62757	0
ebv-miR-BART19-3p	0	1.33835	1.63212	0
ebv-miR-BART19-5p	0	-1.68029	1.62714	0
ebv-miR-BART2-3p	0	0.737553	1.63605	0
ebv-miR-BART2-5p	0	-0.859078	1.62777	0
ebv-miR-BART20-3p	0	-0.540145	1.62869	0
ebv-miR-BART20-5p	0	-0.0299767	1.62922	0
ebv-miR-BART3	0	-1.47477	1.62746	0
ebv-miR-BART3*	0	0.949288	1.62957	0
ebv-miR-BART4	0	0.190258	1.53781	0
ebv-miR-BART5	0	-1.78728	1.62733	0
ebv-miR-BART6-3p	0	-0.429748	1.62931	0
ebv-miR-BART6-5p	0	-1.34111	1.62744	0
ebv-miR-BART7	0	-0.53385	1.62934	0
ebv-miR-BART7*	0	-1.57723	1.63073	0
ebv-miR-BART8	0	2.98073	1.68044	0
ebv-miR-BART8*	0	-1.6546	1.62885	0
ebv-miR-BART9	0	-1.25679	1.62935	0
ebv-miR-BART9*	0	-1.05209	1.62696	0
ebv-miR-BHRF1-1	0	3.49241	1.67457	0
ebv-miR-BHRF1-2	0	-2.77869	1.62678	0
ebv-miR-BHRF1-2*	0	-1.24828	1.62861	0
ebv-miR-BHRF1-3	0	-2.22325	1.62968	0
hcmv-miR-UL112	0	-0.512649	1.63004	0
hcmv-miR-UL148D	0	0.462746	1.62983	0
hcmv-miR-UL22A	0	-2.0682	1.62681	0
hcmv-miR-UL22A*	0	-0.348416	1.62963	0
hcmv-miR-UL36	0	-0.435563	1.6281	0
hcmv-miR-UL36*	0	0.271309	1.63625	0
hcmv-miR-UL70-3p	0	1.32942	2.30769	0
hcmv-miR-UL70-5p	0	-1.84993	1.62702	0
hcmv-miR-US25-1	0	-1.30855	1.62795	0
hcmv-miR-US25-1*	0	-0.782009	1.62824	0
hcmv-miR-US25-2-3p	0	-0.910172	1.62745	0
hcmv-miR-US25-2-5p	0	-1.63176	1.62747	0
hcmv-miR-US33-3p	0	-2.42111	1.62763	0
hcmv-miR-US33-5p	0	0.537812	1.63056	0
hcmv-miR-US4	0	-0.359419	1.62905	0
hcmv-miR-US5-1	0	-1.65462	1.62741	0
hcmv-miR-US5-2	0	0.961199	1.63255	0
hiv1-miR-H1	0	-1.46423	2.3014	0
hiv1-miR-N367	0	1.17642	1.63102	0
hsa-let-7a	0	31047.7	2396.78	1
hsa-let-7a*	0	1.29101	1.63647	0
hsa-let-7b	0	12524	999.396	1
hsa-let-7b*	0	2.0327	1.63363	0
hsa-let-7c	0	1348.74	124.439	1
hsa-let-7c*	0	-0.604595	1.62855	0
hsa-let-7d	0	12789.1	1054.34	1
hsa-let-7d*	0	370.433	30.7226	1
hsa-let-7e	0	1989.9	158.981	1
hsa-let-7e*	0	1.895	1.63968	0
hsa-let-7f	0	27553.3	2400.3	1
hsa-let-7f-1*	0	0.613196	1.62967	0
hsa-let-7f-2*	0	0.71762	1.63046	0
hsa-let-7g	0	17133.8	1422.27	1
hsa-let-7g*	0	2.04113	1.64403	0
hsa-let-7i	0	22609.6	1691.33	1
hsa-let-7i*	0	1.60535	1.64398	0
hsa-miR-1	0	253.648	23.6541	1
hsa-miR-100	0	20.3706	2.90212	1
hsa-miR-100*	0	0.805984	1.63229	0
hsa-miR-101	0	3094.85	236.423	1
hsa-miR-101*	0	5.01626	1.91912	0
hsa-miR-103	0	33909.6	2865.99	1
hsa-miR-105	0	0.503393	1.63491	0
hsa-miR-105*	0	-1.02179	1.62711	0
hsa-miR-106a	0	251.179	17.2129	1
hsa-miR-106a*	0	1.87718	1.65177	1
hsa-miR-106b	0	12664.1	1007.15	1
hsa-miR-106b*	0	7.20858	1.829	1
hsa-miR-107	0	19362.8	1539.14	1
hsa-miR-10a	0	253.023	20.4585	1
hsa-miR-10a*	0	0.342497	1.63273	0
hsa-miR-10b	0	5.99721	2.35813	0
hsa-miR-10b*	0	0.425075	2.30489	0
hsa-miR-122	0	-0.204954	2.30388	0
hsa-miR-122*	0	-0.0224536	2.30407	0
hsa-miR-1224-3p	0	-1.71079	1.62715	0
hsa-miR-1224-5p	0	4.38061	1.65598	0
hsa-miR-1225-3p	0	7.7998	1.68059	1
hsa-miR-1225-5p	0	47.6846	2.94605	1
hsa-miR-1226	0	4.52854	1.67966	1
hsa-miR-1226*	0	1.28023	1.63542	0
hsa-miR-1227	0	7.29438	1.73276	1
hsa-miR-1228	0	16.6226	1.83299	1
hsa-miR-1228*	0	-0.711679	1.63037	0
hsa-miR-1229	0	1.51696	1.63596	0
hsa-miR-1231	0	-1.392	1.62791	0
hsa-miR-1233	0	-2.11291	1.62748	0
hsa-miR-1234	0	45.5464	3.1313	1
hsa-miR-1236	0	-0.304938	1.62939	0
hsa-miR-1237	0	2.61521	1.6375	0
hsa-miR-1238	0	7.17238	1.67489	1
hsa-miR-124	0	0.380316	1.88812	0
hsa-miR-124*	0	-2.41559	1.62669	0
hsa-miR-125a-3p	0	10.9705	2.00688	1
hsa-miR-125a-5p	0	1142.83	103.333	1
hsa-miR-125b	0	97.6168	9.53756	1
hsa-miR-125b-1*	0	1.58044	1.63882	0
hsa-miR-125b-2*	0	-0.510617	2.30159	0
hsa-miR-126	0	31720.8	2585.7	1
hsa-miR-126*	0	780.162	66.6966	1
hsa-miR-127-3p	0	66.5708	5.90309	1
hsa-miR-127-5p	0	-0.225328	1.62914	0
hsa-miR-128	0	595.293	48.1608	1
hsa-miR-129*	0	0.563874	2.30485	0
hsa-miR-129-3p	0	1.73732	2.31136	0
hsa-miR-129-5p	0	0.767124	2.30665	0
hsa-miR-130a	0	20749.4	1531.42	1
hsa-miR-130a*	0	-0.650061	1.62955	0
hsa-miR-130b	0	2177.83	181.694	1
hsa-miR-130b*	0	14.0185	1.93029	1
hsa-miR-132	0	62.6628	5.42206	1
hsa-miR-132*	0	7.35241	2.4039	1
hsa-miR-133a	0	12.9594	2.5198	1
hsa-miR-133b	0	197.12	17.7549	1
hsa-miR-134	0	18.1592	2.68417	1
hsa-miR-135a	0	3.74103	2.32158	0
hsa-miR-135a*	0	-0.458748	1.6278	0
hsa-miR-135b	0	0.0775899	2.30363	0
hsa-miR-135b*	0	-2.95699	1.62702	0
hsa-miR-136	0	673.76	53.5913	1
hsa-miR-136*	0	40.7341	3.86335	1
hsa-miR-137	0	-1.88648	2.30129	0
hsa-miR-138	0	-0.579899	2.30194	0
hsa-miR-138-1*	0	-2.93889	1.62667	0
hsa-miR-138-2*	0	-1.32016	1.62692	0
hsa-miR-139-3p	0	57.7551	4.86443	1
hsa-miR-139-5p	0	783.935	69.345	1
hsa-miR-140-3p	0	1369.4	114.219	1
hsa-miR-140-5p	0	4260.04	310.732	1
hsa-miR-141	0	151.968	13.7979	1
hsa-miR-141*	0	-1.79848	1.62764	0
hsa-miR-142-3p	0	64376.9	4722.17	1
hsa-miR-142-5p	0	4391.03	310.597	1
hsa-miR-143	0	59.1517	6.27982	1
hsa-miR-143*	0	1.86184	2.31224	0
hsa-miR-144	0	460.938	32.7987	1
hsa-miR-144*	0	56.3836	5.759	1
hsa-miR-145	0	218.845	19.6658	1
hsa-miR-145*	0	5.08454	2.35871	0
hsa-miR-146a	0	6133.28	532.229	1
hsa-miR-146a*	0	-0.0755321	1.62898	0
hsa-miR-146b-3p	0	0.134168	1.63142	0
hsa-miR-146b-5p	0	618.724	55.1294	1
hsa-miR-147	0	0.256051	2.3082	0
hsa-miR-147b	0	0.370366	1.64111	0
hsa-miR-148a	0	1982.33	147.162	1
hsa-miR-148a*	0	2.71234	1.67185	1
hsa-miR-148b	0	1709.06	155.22	1
hsa-miR-148b*	0	6.21133	1.7104	1
hsa-miR-149	0	3.78651	2.32118	0
hsa-miR-149*	0	-0.389044	1.63036	0
hsa-miR-150	0	1741.23	142.679	1
hsa-miR-150*	0	1.40083	1.63314	0
hsa-miR-151-3p	0	3413.07	269.057	1
hsa-miR-151-5p	0	10116.6	885.249	1
hsa-miR-152	0	149.108	14.4505	1
hsa-miR-153	0	17.7267	2.88282	1
hsa-miR-154	0	48.2684	4.9796	1
hsa-miR-154*	0	38.0838	3.55401	1
hsa-miR-155	0	174.415	15.1317	1
hsa-miR-155*	0	-2.23287	1.62708	0
hsa-miR-15a	0	25120.2	1857.08	1
hsa-miR-15a*	0	25.847	2.84696	1
hsa-miR-15b	0	47896.6	3654.13	1
hsa-miR-15b*	0	20.9924	2.43033	1
hsa-miR-16	0	50003.4	4191.23	1
hsa-miR-16-1*	0	1.96068	1.63429	0
hsa-miR-16-2*	0	83.9405	8.00289	1
hsa-miR-17	0	11498.2	944.073	1
hsa-miR-17*	0	1016.81	86.0585	1
hsa-miR-181a	0	2036.83	167.014	1
hsa-miR-181a*	0	60.6668	5.0571	1
hsa-miR-181a-2*	0	67.1372	5.13596	1
hsa-miR-181b	0	130.955	10.1908	1
hsa-miR-181c	0	218.29	16.9119	1
hsa-miR-181c*	0	152.799	10.4532	1
hsa-miR-181d	0	342.503	26.3759	1
hsa-miR-182	0	6.30532	1.69419	1
hsa-miR-182*	0	0.691537	1.63217	0
hsa-miR-183	0	2.57311	1.64201	0
hsa-miR-183*	0	-1.69461	1.6267	0
hsa-miR-184	0	1.66828	2.30793	0
hsa-miR-185	0	9522.74	769.395	1
hsa-miR-185*	0	0.571721	1.63176	0
hsa-miR-186	0	478.961	36.9486	1
hsa-miR-186*	0	12.1495	1.80343	1
hsa-miR-187	0	-0.408351	1.63061	0
hsa-miR-187*	0	-1.72902	1.62707	0
hsa-miR-188-3p	0	1.36787	1.64167	0
hsa-miR-188-5p	0	8.84277	2.39476	1
hsa-miR-18a	0	1872.32	155.177	1
hsa-miR-18a*	0	-0.50246	1.63078	0
hsa-miR-18b	0	741.741	64.3589	1
hsa-miR-18b*	0	-0.296409	1.6283	0
hsa-miR-190	0	3.53791	2.31621	0
hsa-miR-190b	0	1.06699	1.6371	0
hsa-miR-191	0	18.618	2.1414	1
hsa-miR-191*	0	6.74325	1.6629	0
hsa-miR-192	0	230.551	18.8434	1
hsa-miR-192*	0	-0.177725	2.31124	0
hsa-miR-193a-3p	0	9.9503	2.49909	1
hsa-miR-193a-5p	0	0.689729	2.30912	0
hsa-miR-193b	0	0.293917	2.30462	0
hsa-miR-193b*	0	-1.88867	1.62711	0
hsa-miR-194	0	106.553	9.19519	1
hsa-miR-194*	0	-0.06472	1.62892	0
hsa-miR-195	0	375.151	33.4646	1
hsa-miR-195*	0	-0.470664	1.63271	0
hsa-miR-196a	0	3.02293	2.32441	0
hsa-miR-196a*	0	-1.50029	1.62737	0
hsa-miR-196b	0	86.5645	7.52939	1
hsa-miR-197	0	3257.39	251.375	1
hsa-miR-198	0	-1.14606	2.30208	0
hsa-miR-199a-5p	0	7611.41	691.937	1
hsa-miR-199b-3p	0	31256.4	2339.24	1
hsa-miR-199b-5p	0	60.4243	5.90241	1
hsa-miR-19a	0	11161.2	841.162	1
hsa-miR-19a*	0	1.45863	1.63982	0
hsa-miR-19b	0	30933.8	2771.11	1
hsa-miR-19b-1*	0	86.3312	8.17013	1
hsa-miR-19b-2*	0	1.25458	1.63234	0
hsa-miR-200a	0	13.3424	2.55339	1
hsa-miR-200a*	0	0.165956	1.89271	0
hsa-miR-200b	0	70.124	6.59151	1
hsa-miR-200b*	0	-0.130858	1.62923	0
hsa-miR-200c	0	171.356	16.6689	1
hsa-miR-200c*	0	-1.02286	1.62761	0
hsa-miR-202	0	0.0362354	2.30213	0
hsa-miR-202*	0	0.578544	2.30511	0
hsa-miR-203	0	0.150628	2.30572	0
hsa-miR-204	0	29.2336	3.43808	1
hsa-miR-205	0	-1.02444	2.30197	0
hsa-miR-206	0	0.479927	2.30815	0
hsa-miR-208a	0	0.249875	2.30365	0
hsa-miR-208b	0	-1.50857	2.30118	0
hsa-miR-20a	0	26689.8	1993.92	1
hsa-miR-20a*	0	201.819	17.7429	1
hsa-miR-20b	0	3167.75	267.059	1
hsa-miR-20b*	0	-0.945621	1.62859	0
hsa-miR-21	0	142350	10843.8	1
hsa-miR-21*	0	156.602	13.9044	1
hsa-miR-210	0	391.067	30.3787	1
hsa-miR-211	0	2.92586	2.31584	0
hsa-miR-212	0	5.65562	2.35596	0
hsa-miR-214	0	-1.57488	2.30134	0
hsa-miR-214*	0	-1.32672	2.30145	0
hsa-miR-215	0	49.5916	4.21604	1
hsa-miR-216a	0	-2.7141	1.62693	0
hsa-miR-216b	0	-1.50331	1.62753	0
hsa-miR-217	0	-1.62196	1.62704	0
hsa-miR-218	0	1.14348	2.30401	0
hsa-miR-218-1*	0	-1.54532	1.62744	0
hsa-miR-218-2*	0	-2.56498	1.62737	0
hsa-miR-219-1-3p	0	-1.44262	1.62964	0
hsa-miR-219-2-3p	0	-0.895586	2.3008	0
hsa-miR-219-5p	0	52.9123	4.55567	1
hsa-miR-22	0	46742.5	4085.52	1
hsa-miR-22*	0	170.761	14.8587	1
hsa-miR-220a	0	-1.12676	1.62721	0
hsa-miR-220b	0	-0.155991	1.6292	0
hsa-miR-220c	0	-0.57823	1.6288	0
hsa-miR-221	0	5239.11	435.254	1
hsa-miR-221*	0	291.479	23.8221	1
hsa-miR-222	0	150.729	14.5368	1
hsa-miR-222*	0	0.369808	1.64052	0
hsa-miR-223	0	146341	10781.8	1
hsa-miR-223*	0	170.046	13.1385	1
hsa-miR-224	0	467.18	35.8798	1
hsa-miR-23a	0	32527.1	2576.24	1
hsa-miR-23a*	0	11.1561	1.86113	1
hsa-miR-23b	0	7060.2	584.367	1
hsa-miR-23b*	0	13.9815	1.94264	1
hsa-miR-24	0	29787.3	2134.28	1
hsa-miR-24-1*	0	328.221	26.1722	1
hsa-miR-24-2*	0	-1.13518	1.62839	0
hsa-miR-25	0	4583.08	410.034	1
hsa-miR-25*	0	1.94105	1.64129	0
hsa-miR-26a	0	20284	1604.66	1
hsa-miR-26a-1*	0	20.8982	2.35751	1
hsa-miR-26a-2*	0	-0.188835	1.62754	0
hsa-miR-26b	0	12896.3	947.488	1
hsa-miR-26b*	0	19.7232	2.21191	1
hsa-miR-27a	0	52148.2	4177.18	1
hsa-miR-27a*	0	-1.01603	1.62752	0
hsa-miR-27b	0	10177.6	803.837	1
hsa-miR-27b*	0	-0.0889978	1.62972	0
hsa-miR-28-3p	0	0.779225	1.64511	0
hsa-miR-28-5p	0	3041.35	230.067	1
hsa-miR-296-3p	0	-1.89494	1.62752	0
hsa-miR-296-5p	0	2.70536	2.31868	0
hsa-miR-297	0	0.191165	1.62937	0
hsa-miR-298	0	-1.53541	1.62676	0
hsa-miR-299-3p	0	16.3142	2.61649	1
hsa-miR-299-5p	0	51.3204	5.0253	1
hsa-miR-29a	0	3903.97	323.292	1
hsa-miR-29a*	0	3.06915	1.653	0
hsa-miR-29b	0	3663.55	340.091	1
hsa-miR-29b-1*	0	12.902	1.80395	1
hsa-miR-29b-2*	0	0.587984	1.63098	0
hsa-miR-29c	0	6113.23	433.23	1
hsa-miR-29c*	0	121.96	10.8629	1
hsa-miR-300	0	0.940524	1.63165	0
hsa-miR-301a	0	3743.14	321.744	1
hsa-miR-301b	0	245.663	20.0029	1
hsa-miR-302a	0	-0.446645	2.30403	0
hsa-miR-302a*	0	0.730414	1.63006	0
hsa-miR-302b	0	0.878368	1.63316	0
hsa-miR-302b*	0	-0.592955	1.62813	0
hsa-miR-302c	0	-0.612251	1.88687	0
hsa-miR-302c*	0	0.742839	2.30973	0
hsa-miR-302d	0	0.0959802	1.88903	0
hsa-miR-302d*	0	4.66937	1.66298	1
hsa-miR-30a	0	344.155	30.114	1
hsa-miR-30a*	0	16.925	2.63731	1
hsa-miR-30b	0	5153.67	410.086	1
hsa-miR-30b*	0	39.286	4.36605	1
hsa-miR-30c	0	2720.11	247.618	1
hsa-miR-30c-1*	0	16.5468	2.28086	1
hsa-miR-30c-2*	0	-0.261646	2.30263	0
hsa-miR-30d	0	9544.73	686.01	1
hsa-miR-30d*	0	41.9188	3.34958	1
hsa-miR-30e	0	5280.16	442.39	1
hsa-miR-30e*	0	909.033	74.8488	1
hsa-miR-31	0	4.33387	2.33054	0
hsa-miR-31*	0	2.16334	2.30936	0
hsa-miR-32	0	261.366	16.1923	1
hsa-miR-32*	0	3.98194	1.65026	0
hsa-miR-320	0	2025.34	185.694	1
hsa-miR-323-3p	0	20.2168	2.78788	1
hsa-miR-323-5p	0	-2.42576	1.62698	0
hsa-miR-324-3p	0	1879.97	152.422	1
hsa-miR-324-5p	0	2302.78	176.968	1
hsa-miR-325	0	-0.51752	1.62912	0
hsa-miR-326	0	1062.25	86.0052	1
hsa-miR-328	0	742.41	68.6819	1
hsa-miR-329	0	16.8847	2.69863	1
hsa-miR-330-3p	0	248.928	21.3534	1
hsa-miR-330-5p	0	0.962503	1.63232	0
hsa-miR-331-3p	0	6564.53	517.748	1
hsa-miR-331-5p	0	0.653171	1.6352	0
hsa-miR-335	0	399.603	36.8276	1
hsa-miR-335*	0	43.587	2.85573	1
hsa-miR-337-3p	0	26.9431	3.0495	1
hsa-miR-337-5p	0	148.699	11.7849	1
hsa-miR-338-3p	0	936.689	83.2801	1
hsa-miR-338-5p	0	-0.0134134	1.63112	0
hsa-miR-339-3p	0	46.9895	4.21675	1
hsa-miR-339-5p	0	5.0336	1.68388	1
hsa-miR-33a	0	895.374	79.3395	1
hsa-miR-33a*	0	-0.755725	1.62851	0
hsa-miR-33b	0	26.959	2.62746	1
hsa-miR-33b*	0	4.08982	1.64695	0
hsa-miR-340	0	739.027	52.3475	1
hsa-miR-340*	0	951.771	84.6157	1
hsa-miR-342-3p	0	1708.75	149.957	1
hsa-miR-342-5p	0	65.9783	6.31839	1
hsa-miR-345	0	0.84141	1.63427	0
hsa-miR-346	0	-1.20137	1.88646	0
hsa-miR-34a	0	69.0075	6.0248	1
hsa-miR-34a*	0	-1.59718	2.30187	0
hsa-miR-34b	0	0.569342	2.30447	0
hsa-miR-34b*	0	0.266322	2.30401	0
hsa-miR-34c-3p	0	-2.71092	1.62675	0
hsa-miR-34c-5p	0	-0.506396	2.30163	0
hsa-miR-361-3p	0	133.042	12.3913	1
hsa-miR-361-5p	0	1814.34	157.508	1
hsa-miR-362-3p	0	60.1563	5.40164	1
hsa-miR-362-5p	0	151.594	13.0065	1
hsa-miR-363	0	931.7	68.2105	1
hsa-miR-363*	0	-0.529605	1.62813	0
hsa-miR-365	0	8.76064	2.38864	0
hsa-miR-367	0	0.294831	2.30332	0
hsa-miR-367*	0	-1.33166	1.62961	0
hsa-miR-369-3p	0	2.39317	2.31344	0
hsa-miR-369-5p	0	19.1652	2.7815	1
hsa-miR-370	0	20.9962	3.07727	1
hsa-miR-371-3p	0	0.671905	2.30378	0
hsa-miR-371-5p	0	0.312052	1.63045	0
hsa-miR-372	0	-2.76826	2.30243	0
hsa-miR-373	0	2.12052	2.3109	0
hsa-miR-373*	0	-0.767748	2.30095	0
hsa-miR-374a	0	2211.81	157.471	1
hsa-miR-374a*	0	0.0353172	1.63062	0
hsa-miR-374b	0	2633.66	186.377	1
hsa-miR-374b*	0	2.9381	1.64128	0
hsa-miR-375	0	-1.25265	2.30182	0
hsa-miR-376a	0	395.401	32.0315	1
hsa-miR-376a*	0	75.0799	7.061	1
hsa-miR-376b	0	62.299	5.92484	1
hsa-miR-376c	0	828.665	64.7405	1
hsa-miR-377	0	434.786	38.6004	1
hsa-miR-377*	0	9.45032	1.79897	1
hsa-miR-378	0	18.4704	2.79269	1
hsa-miR-378*	0	20.9373	2.78948	1
hsa-miR-379	0	134.024	11.6848	1
hsa-miR-379*	0	-0.3742	1.63087	0
hsa-miR-380	0	2.92346	2.31228	0
hsa-miR-380*	0	-0.4799	1.62798	0
hsa-miR-381	0	164.89	13.4235	1
hsa-miR-382	0	47.6674	4.98188	1
hsa-miR-383	0	-0.0513564	1.88709	0
hsa-miR-384	0	-0.994929	3.25502	0
hsa-miR-409-3p	0	192.867	14.174	1
hsa-miR-409-5p	0	36.203	2.86406	1
hsa-miR-410	0	326.843	23.2876	1
hsa-miR-411	0	33.4409	3.48273	1
hsa-miR-411*	0	5.53583	1.7258	1
hsa-miR-412	0	-2.6538	1.62698	0
hsa-miR-421	0	62.054	6.0834	1
hsa-miR-422a	0	-0.822847	1.62883	0
hsa-miR-423-3p	0	78.4609	5.77659	1
hsa-miR-423-5p	0	619.917	56.9748	1
hsa-miR-424	0	801.461	63.7649	1
hsa-miR-424*	0	0.291489	2.30683	0
hsa-miR-425	0	4256.56	341.911	1
hsa-miR-425*	0	14.879	2.65417	1
hsa-miR-429	0	9.09186	2.40415	1
hsa-miR-431	0	198.047	17.601	1
hsa-miR-431*	0	0.0348158	1.62959	0
hsa-miR-432	0	120.696	9.76977	1
hsa-miR-432*	0	-0.740044	1.628	0
hsa-miR-433	0	18.3373	2.93464	1
hsa-miR-448	0	0.175738	1.63007	0
hsa-miR-449a	0	8.0201	2.40905	1
hsa-miR-449b	0	-0.84933	1.88642	0
hsa-miR-450a	0	9.59811	2.40406	1
hsa-miR-450b-3p	0	0.00511546	1.62868	0
hsa-miR-450b-5p	0	-0.0480141	1.62885	0
hsa-miR-451	0	13931.8	1009.79	1
hsa-miR-452	0	23.2674	2.9058	1
hsa-miR-452*	0	-0.389063	1.63095	0
hsa-miR-453	0	0.0281892	1.62805	0
hsa-miR-454	0	442.137	40.7918	1
hsa-miR-454*	0	39.1549	3.36817	1
hsa-miR-455-3p	0	-1.22693	2.30457	0
hsa-miR-455-5p	0	0.0543332	2.30269	0
hsa-miR-483-3p	0	1.33455	2.31337	0
hsa-miR-483-5p	0	1.96146	2.30762	0
hsa-miR-484	0	942.824	77.1739	1
hsa-miR-485-3p	0	97.4966	8.98536	1
hsa-miR-485-5p	0	7.94392	2.01178	1
hsa-miR-486-3p	0	98.5796	8.36058	1
hsa-miR-486-5p	0	2397.11	181.085	1
hsa-miR-487a	0	16.0036	2.68006	1
hsa-miR-487b	0	177.05	15.1044	1
hsa-miR-488	0	-0.718212	2.30203	0
hsa-miR-488*	0	-1.35549	2.30098	0
hsa-miR-489	0	-0.544446	2.3012	0
hsa-miR-490-3p	0	-0.807052	2.30243	0
hsa-miR-490-5p	0	-0.579991	1.62939	0
hsa-miR-491-3p	0	1.73605	1.63734	0
hsa-miR-491-5p	0	8.23035	1.83999	1
hsa-miR-492	0	-0.361727	2.30428	0
hsa-miR-493	0	-0.277274	1.62909	0
hsa-miR-493*	0	74.5114	7.04944	1
hsa-miR-494	0	16.882	2.60548	1
hsa-miR-495	0	168.939	13.7777	1
hsa-miR-496	0	0.583809	2.30624	0
hsa-miR-497	0	129.879	11.7957	1
hsa-miR-497*	0	-1.30437	1.62718	0
hsa-miR-498	0	1.39127	2.30802	0
hsa-miR-499-3p	0	-0.768709	1.62903	0
hsa-miR-499-5p	0	6.15497	2.34975	0
hsa-miR-500	0	-0.146332	1.88935	0
hsa-miR-500*	0	75.0469	6.56187	1
hsa-miR-501-3p	0	20.3211	2.22487	1
hsa-miR-501-5p	0	6.93948	1.68918	1
hsa-miR-502-3p	0	53.1384	5.14879	1
hsa-miR-502-5p	0	20.8388	2.9647	1
hsa-miR-503	0	91.4318	6.76972	1
hsa-miR-504	0	0.551744	1.63075	0
hsa-miR-505	0	286.366	24.6976	1
hsa-miR-505*	0	128.418	8.65892	1
hsa-miR-506	0	-0.509061	2.30289	0
hsa-miR-507	0	-0.426149	2.30234	0
hsa-miR-508-3p	0	-0.832705	2.30179	0
hsa-miR-508-5p	0	-1.05079	1.88635	0
hsa-miR-509-3-5p	0	0.650175	2.31016	0
hsa-miR-509-3p	0	-0.964292	2.30343	0
hsa-miR-509-5p	0	0.636266	2.30246	0
hsa-miR-510	0	-1.98632	2.30081	0
hsa-miR-511	0	-0.400847	1.6282	0
hsa-miR-512-3p	0	-0.951007	2.30096	0
hsa-miR-512-5p	0	-2.06517	2.30053	0
hsa-miR-513a-3p	0	0.0633669	1.63947	0
hsa-miR-513a-5p	0	-0.615714	2.30355	0
hsa-miR-513b	0	0.442196	1.62984	0
hsa-miR-513c	0	-0.0627285	1.62856	0
hsa-miR-514	0	-1.03567	2.30228	0
hsa-miR-515-3p	0	-1.02261	2.30121	0
hsa-miR-515-5p	0	-1.1935	1.88646	0
hsa-miR-516a-3p	0	-1.31568	1.88683	0
hsa-miR-516a-5p	0	-1.61875	2.30084	0
hsa-miR-516b	0	-0.725262	2.30087	0
hsa-miR-517*	0	1.13035	2.30507	0
hsa-miR-517a	0	0.985431	2.30548	0
hsa-miR-517b	0	-0.375434	2.30279	0
hsa-miR-517c	0	0.0728902	2.30258	0
hsa-miR-518a-3p	0	-1.89771	2.30069	0
hsa-miR-518b	0	0.113469	2.30334	0
hsa-miR-518c	0	-2.08543	2.30304	0
hsa-miR-518c*	0	-0.47785	2.30183	0
hsa-miR-518d-3p	0	-0.7248	2.3053	0
hsa-miR-518d-5p	0	-0.989143	2.30237	0
hsa-miR-518e	0	-0.411913	2.30374	0
hsa-miR-518e*	0	1.71247	1.89391	0
hsa-miR-518f	0	-0.0327287	2.30387	0
hsa-miR-518f*	0	-1.85339	2.30298	0
hsa-miR-519a	0	-0.751546	2.30408	0
hsa-miR-519b-3p	0	0.577034	2.30589	0
hsa-miR-519c-3p	0	-0.037066	2.30244	0
hsa-miR-519d	0	1.40599	2.3052	0
hsa-miR-519e	0	0.0995298	2.30312	0
hsa-miR-519e*	0	0.0836787	2.30555	0
hsa-miR-520a-3p	0	0.154772	2.30347	0
hsa-miR-520a-5p	0	-1.25973	2.30212	0
hsa-miR-520b	0	0.588984	2.30307	0
hsa-miR-520c-3p	0	-0.375302	2.30264	0
hsa-miR-520d-3p	0	1.62496	2.31015	0
hsa-miR-520d-5p	0	-1.7958	2.30109	0
hsa-miR-520e	0	-0.00806496	1.89026	0
hsa-miR-520f	0	1.09535	2.30815	0
hsa-miR-520g	0	-0.479026	2.30141	0
hsa-miR-520h	0	-0.225171	1.88733	0
hsa-miR-521	0	0.550359	2.31057	0
hsa-miR-522	0	0.160162	2.30477	0
hsa-miR-523	0	-1.06089	2.30098	0
hsa-miR-524-3p	0	-1.3041	2.30063	0
hsa-miR-524-5p	0	-1.76164	2.30072	0
hsa-miR-525-3p	0	-1.55794	1.62674	0
hsa-miR-525-5p	0	-1.55776	1.8871	0
hsa-miR-526b	0	-2.28297	2.30074	0
hsa-miR-526b*	0	0.380161	2.30365	0
hsa-miR-527	0	-0.746933	1.88681	0
hsa-miR-532-3p	0	64.6234	6.28309	1
hsa-miR-532-5p	0	114.667	10.0516	1
hsa-miR-539	0	25.5382	2.84345	1
hsa-miR-541	0	-1.18031	1.62754	0
hsa-miR-541*	0	0.543958	1.63053	0
hsa-miR-542-3p	0	27.9811	2.7331	1
hsa-miR-542-5p	0	32.5756	3.36567	1
hsa-miR-543	0	68.7992	5.95733	1
hsa-miR-544	0	0.49075	1.62912	0
hsa-miR-545	0	170.918	11.7002	1
hsa-miR-545*	0	-1.03352	1.62695	0
hsa-miR-548a-3p	0	0.214471	1.62922	0
hsa-miR-548a-5p	0	20.2698	2.06922	1
hsa-miR-548b-3p	0	0.434202	1.62864	0
hsa-miR-548b-5p	0	2.12096	1.70379	0
hsa-miR-548c-3p	0	-0.324905	1.62791	0
hsa-miR-548c-5p	0	229.64	13.7913	1
hsa-miR-548d-3p	0	0.220729	1.62955	0
hsa-miR-548d-5p	0	14.844	1.88793	1
hsa-miR-549	0	-1.14785	1.62815	0
hsa-miR-550	0	0.647991	1.63581	0
hsa-miR-550*	0	64.5603	4.21229	1
hsa-miR-551a	0	-1.71089	1.62914	0
hsa-miR-551b	0	658.023	48.9632	1
hsa-miR-551b*	0	-0.678378	1.62917	0
hsa-miR-552	0	4.16536	1.65719	1
hsa-miR-553	0	1.59212	1.63648	0
hsa-miR-554	0	0.305193	1.63429	0
hsa-miR-555	0	-0.380138	1.63564	0
hsa-miR-556-3p	0	0.841725	1.6303	0
hsa-miR-556-5p	0	-0.740014	1.62738	0
hsa-miR-557	0	9.79333	2.40781	1
hsa-miR-558	0	-1.77704	1.62694	0
hsa-miR-559	0	0.709837	1.62969	0
hsa-miR-561	0	1.94838	1.6336	0
hsa-miR-562	0	0.424405	1.62978	0
hsa-miR-563	0	-0.906817	1.62829	0
hsa-miR-564	0	-0.164016	1.88845	0
hsa-miR-566	0	-0.971273	1.62814	0
hsa-miR-567	0	-1.07907	1.6282	0
hsa-miR-568	0	0.404256	2.30865	0
hsa-miR-569	0	0.516972	1.63456	0
hsa-miR-570	0	1.56551	1.63832	0
hsa-miR-571	0	0.903893	2.30866	0
hsa-miR-572	0	4.62462	2.38294	0
hsa-miR-573	0	0.0268234	1.63021	0
hsa-miR-574-3p	0	787.318	59.325	1
hsa-miR-574-5p	0	133.615	10.3525	1
hsa-miR-575	0	4.20864	2.32449	0
hsa-miR-576-3p	0	7.5504	1.74186	1
hsa-miR-576-5p	0	0.227272	1.629	0
hsa-miR-577	0	-0.137976	2.30437	0
hsa-miR-578	0	0.403293	1.63269	0
hsa-miR-579	0	2.8332	1.64317	0
hsa-miR-580	0	1.9178	1.64027	0
hsa-miR-581	0	1.41085	1.63196	0
hsa-miR-582-3p	0	-1.98561	1.62734	0
hsa-miR-582-5p	0	4.44098	2.32403	0
hsa-miR-583	0	-1.75555	1.88584	0
hsa-miR-584	0	1109.43	98.7483	1
hsa-miR-585	0	0.569079	1.90322	0
hsa-miR-586	0	1.90019	1.63598	0
hsa-miR-587	0	0.661136	1.62998	0
hsa-miR-588	0	-0.909396	1.62747	0
hsa-miR-589	0	1.11843	1.64427	0
hsa-miR-589*	0	3.72886	1.6544	1
hsa-miR-590-3p	0	1.40663	1.63102	0
hsa-miR-590-5p	0	3247.77	278.51	1
hsa-miR-591	0	-1.45879	1.62754	0
hsa-miR-592	0	-0.66792	2.30515	0
hsa-miR-593	0	0.839061	1.63116	0
hsa-miR-593*	0	-1.78994	1.62682	0
hsa-miR-595	0	8.25951	1.96922	1
hsa-miR-596	0	-1.39712	1.62752	0
hsa-miR-597	0	-0.913887	1.62761	0
hsa-miR-598	0	196.139	18.1389	1
hsa-miR-599	0	-1.646	1.62762	0
hsa-miR-600	0	-1.81035	1.62764	0
hsa-miR-601	0	0.635189	1.63113	0
hsa-miR-602	0	0.68099	1.89331	0
hsa-miR-603	0	0.013284	1.62782	0
hsa-miR-604	0	-1.35804	1.88828	0
hsa-miR-605	0	-1.3985	2.30126	0
hsa-miR-606	0	-1.88743	1.62683	0
hsa-miR-607	0	-1.24436	1.62802	0
hsa-miR-608	0	-1.05106	2.30073	0
hsa-miR-609	0	2.74936	1.77237	0
hsa-miR-610	0	0.958684	1.63137	0
hsa-miR-611	0	-1.9615	1.88682	0
hsa-miR-612	0	-0.698816	1.62752	0
hsa-miR-613	0	-2.18652	1.62868	0
hsa-miR-614	0	-0.289418	1.88756	0
hsa-miR-615-3p	0	-0.119962	1.62867	0
hsa-miR-615-5p	0	-1.50494	1.62798	0
hsa-miR-616	0	0.978474	1.63304	0
hsa-miR-616*	0	0.0730568	1.62991	0
hsa-miR-617	0	-1.38055	1.88653	0
hsa-miR-618	0	0.375696	1.63453	0
hsa-miR-619	0	-0.927894	1.62948	0
hsa-miR-620	0	-1.0233	3.25658	0
hsa-miR-621	0	-2.28392	1.62693	0
hsa-miR-622	0	-1.14711	1.88682	0
hsa-miR-623	0	32.2697	2.36736	1
hsa-miR-624	0	5.52287	1.70473	1
hsa-miR-624*	0	46.3467	3.8546	1
hsa-miR-625	0	2508.51	230.778	1
hsa-miR-625*	0	13.5272	1.88159	1
hsa-miR-626	0	-0.387805	1.62812	0
hsa-miR-627	0	110.579	6.39769	1
hsa-miR-628-3p	0	29.0329	2.66555	1
hsa-miR-628-5p	0	166.251	11.0353	1
hsa-miR-629	0	19.4331	2.28658	1
hsa-miR-629*	0	17.5199	2.0871	1
hsa-miR-630	0	5.89377	2.3467	0
hsa-miR-631	0	-0.371115	2.30331	0
hsa-miR-632	0	-1.1557	1.88985	0
hsa-miR-633	0	-0.702821	1.62763	0
hsa-miR-634	0	2.04543	1.63492	0
hsa-miR-635	0	-1.50269	1.62769	0
hsa-miR-636	0	1.39197	1.6323	0
hsa-miR-637	0	-0.00655275	1.65315	0
hsa-miR-638	0	85.621	6.85448	1
hsa-miR-639	0	-0.812813	1.62909	0
hsa-miR-640	0	-0.0412208	1.88971	0
hsa-miR-641	0	15.8863	2.00826	1
hsa-miR-642	0	-0.081111	1.62844	0
hsa-miR-643	0	2.3002	1.64413	0
hsa-miR-644	0	-0.202995	1.628	0
hsa-miR-645	0	0.596068	1.63182	0
hsa-miR-646	0	0.216943	1.6308	0
hsa-miR-647	0	-0.572782	1.62819	0
hsa-miR-648	0	-1.25487	1.8862	0
hsa-miR-649	0	-0.978683	1.62823	0
hsa-miR-650	0	-0.258199	1.88818	0
hsa-miR-651	0	0.665134	1.63956	0
hsa-miR-652	0	1413.29	132.804	1
hsa-miR-653	0	-1.34594	1.62725	0
hsa-miR-654-3p	0	226.62	20.449	1
hsa-miR-654-5p	0	22.9672	2.02649	1
hsa-miR-655	0	1.47351	1.63065	0
hsa-miR-656	0	2.26996	2.30812	0
hsa-miR-657	0	0.208888	1.63123	0
hsa-miR-658	0	-0.537831	1.62799	0
hsa-miR-659	0	0.852855	2.30691	0
hsa-miR-660	0	219.554	19.5874	1
hsa-miR-661	0	-0.652642	1.63066	0
hsa-miR-662	0	0.545055	1.6307	0
hsa-miR-663	0	0.556692	2.30356	0
hsa-miR-665	0	0.772783	1.63256	0
hsa-miR-668	0	2.86217	1.63814	0
hsa-miR-671-3p	0	-0.758391	1.6271	0
hsa-miR-671-5p	0	8.29857	2.38265	0
hsa-miR-675	0	-2.1753	1.62672	0
hsa-miR-7	0	108.678	10.1334	1
hsa-miR-7-1*	0	167.05	13.7088	1
hsa-miR-7-2*	0	-0.707554	1.62803	0
hsa-miR-708	0	-0.0811286	1.62903	0
hsa-miR-708*	0	0.533493	1.63064	0
hsa-miR-744	0	501.595	36.4769	1
hsa-miR-744*	0	23.3843	2.37093	1
hsa-miR-758	0	99.5649	6.65223	1
hsa-miR-760	0	-0.402118	1.62963	0
hsa-miR-765	0	2.2173	2.30974	0
hsa-miR-766	0	893.359	47.7601	1
hsa-miR-767-3p	0	1.29125	1.63231	0
hsa-miR-767-5p	0	-0.315475	1.62909	0
hsa-miR-768-3p	0	69.1026	6.03841	1
hsa-miR-768-5p	0	344.778	30.1718	1
hsa-miR-769-3p	0	5.93235	1.67783	1
hsa-miR-769-5p	0	154.897	12.5707	1
hsa-miR-770-5p	0	1.18693	1.6337	0
hsa-miR-801	0	-0.636452	2.30347	0
hsa-miR-802	0	-1.19005	1.62765	0
hsa-miR-873	0	-1.07708	1.62772	0
hsa-miR-874	0	45.3732	4.86992	1
hsa-miR-875-3p	0	0.124488	1.63308	0
hsa-miR-875-5p	0	-0.351619	1.62886	0
hsa-miR-876-3p	0	-0.160907	1.62802	0
hsa-miR-876-5p	0	0.49317	1.63064	0
hsa-miR-877	0	4.03065	1.65615	1
hsa-miR-877*	0	1.68571	1.63799	0
hsa-miR-885-3p	0	-0.714342	1.62889	0
hsa-miR-885-5p	0	0.931405	2.30687	0
hsa-miR-886-3p	0	67.4142	5.10955	1
hsa-miR-886-5p	0	-1.09125	1.62787	0
hsa-miR-887	0	-0.442207	1.63471	0
hsa-miR-888	0	-0.416457	2.30233	0
hsa-miR-888*	0	-1.37603	1.62746	0
hsa-miR-889	0	11.5173	1.7699	1
hsa-miR-890	0	-0.611957	1.62852	0
hsa-miR-891a	0	-0.761969	2.30202	0
hsa-miR-891b	0	-1.13352	2.3049	0
hsa-miR-892a	0	1.29252	1.63511	0
hsa-miR-892b	0	-0.136334	1.63174	0
hsa-miR-9	0	7.31256	2.38463	1
hsa-miR-9*	0	41.8476	3.91911	1
hsa-miR-920	0	-1.39715	1.62709	0
hsa-miR-921	0	-1.646	1.62706	0
hsa-miR-922	0	-1.13253	1.62712	0
hsa-miR-923	0	413.537	35.8144	1
hsa-miR-924	0	0.42164	1.63033	0
hsa-miR-92a	0	10253	808.872	1
hsa-miR-92a-1*	0	5.56184	1.69272	1
hsa-miR-92a-2*	0	-0.0105494	1.62921	0
hsa-miR-92b	0	0.264304	1.63305	0
hsa-miR-92b*	0	-1.72926	1.62712	0
hsa-miR-93	0	4369.38	404.62	1
hsa-miR-93*	0	8.24847	1.82714	1
hsa-miR-933	0	2.68749	1.64405	0
hsa-miR-934	0	-2.516	1.62723	0
hsa-miR-935	0	-0.905345	1.62837	0
hsa-miR-936	0	-0.667506	2.30255	0
hsa-miR-937	0	-0.375637	1.63073	0
hsa-miR-938	0	-2.00172	1.62743	0
hsa-miR-939	0	32.0241	3.25855	1
hsa-miR-940	0	48.2428	4.28586	1
hsa-miR-941	0	-1.58882	1.6274	0
hsa-miR-942	0	2.67655	1.64494	0
hsa-miR-943	0	-0.584709	1.62932	0
hsa-miR-944	0	-0.674211	1.63064	0
hsa-miR-95	0	1.79513	2.30798	0
hsa-miR-96	0	6.17635	2.35048	0
hsa-miR-96*	0	-0.401746	1.62859	0
hsa-miR-98	0	1189.8	107.857	1
hsa-miR-99a	0	123.322	11.4647	1
hsa-miR-99a*	0	-1.25698	1.62758	0
hsa-miR-99b	0	226.143	17.8491	1
hsa-miR-99b*	0	0.373317	1.63757	0
hsv1-miR-H1	0	-0.0418408	1.63009	0
hsv1-miR-LAT	0	5.62157	1.66126	0
hur_1	1	2104.73	106.855	1
hur_2	1	6431.6	323.457	1
hur_4	1	1156.24	62.8204	1
hur_5	1	0.378082	2.03776	0
hur_6	1	589.032	37.2024	1
kshv-miR-K12-1	0	0.722383	1.63498	0
kshv-miR-K12-10a	0	-1.46451	1.62756	0
kshv-miR-K12-11	0	-0.747217	1.62786	0
kshv-miR-K12-12	0	-0.371931	1.62894	0
kshv-miR-K12-2	0	-0.35595	1.63042	0
kshv-miR-K12-3	0	14.0864	2.63922	1
kshv-miR-K12-3*	0	-1.62287	1.62731	0
kshv-miR-K12-4-3p	0	-0.996622	1.62713	0
kshv-miR-K12-4-5p	0	-0.642931	1.62814	0
kshv-miR-K12-5	0	-2.19995	1.62698	0
kshv-miR-K12-6-3p	0	-1.49021	1.62692	0
kshv-miR-K12-6-5p	0	-0.143863	1.62886	0
kshv-miR-K12-7	0	-1.14958	1.62738	0
kshv-miR-K12-8	0	-0.217991	1.63026	0
kshv-miR-K12-9	0	-0.678383	1.62739	0
kshv-miR-K12-9*	0	-0.41571	1.63188	0
miRNABrightCorner30	1	9281.11	928.505	1
mr_1	1	406.116	21.4319	1
