SystematicName	ControlType	gTotalGeneSignal	gTotalGeneError	gIsGeneDetected
DarkCorner	1	0.752108	5.04823	0
NC1_00000197	-1	-0.750386	12.3948	0
NC1_00000215	-1	14.1253	12.5287	0
NC2_00079215	-1	-2.59781	12.3836	0
NC2_00092197	-1	1.09793	12.4093	0
NC2_00106057	-1	5.53999	12.4108	0
NC2_00122731	-1	0.583878	12.4053	0
NegativeControl	-1	-6.90482	55.7694	0
SCorner3	1	0.0098419	0.968778	0
dmr_285	1	-2.52561	2.73503	0
dmr_3	1	-1.27266	2.73658	0
dmr_308	1	-0.291018	2.73812	0
dmr_316	1	-0.154633	2.73969	0
dmr_31a	1	-3.00314	2.73555	0
dmr_6	1	2.97037	2.75156	0
ebv-miR-BART1-3p	0	-0.907927	1.54718	0
ebv-miR-BART1-5p	0	-0.808538	1.54861	0
ebv-miR-BART10	0	1.90582	1.55525	0
ebv-miR-BART10*	0	0.231315	1.54923	0
ebv-miR-BART11-3p	0	-1.31528	1.5481	0
ebv-miR-BART11-5p	0	0.691748	1.55001	0
ebv-miR-BART12	0	1754.78	89.5456	1
ebv-miR-BART13	0	7.90251	2.2951	1
ebv-miR-BART13*	0	-1.05993	1.54861	0
ebv-miR-BART14	0	-2.51751	1.54705	0
ebv-miR-BART14*	0	-1.57024	1.54733	0
ebv-miR-BART15	0	1.47513	1.55339	0
ebv-miR-BART16	0	5.94527	1.60589	1
ebv-miR-BART17-3p	0	-0.0779289	1.55009	0
ebv-miR-BART17-5p	0	-2.49409	1.54747	0
ebv-miR-BART18-3p	0	-1.04523	1.54781	0
ebv-miR-BART18-5p	0	-0.583834	1.54874	0
ebv-miR-BART19-3p	0	0.551175	1.55091	0
ebv-miR-BART19-5p	0	-2.18332	1.54734	0
ebv-miR-BART2-3p	0	-0.247964	1.54849	0
ebv-miR-BART2-5p	0	-0.648309	1.54906	0
ebv-miR-BART20-3p	0	-1.69347	1.54815	0
ebv-miR-BART20-5p	0	-0.297741	1.54846	0
ebv-miR-BART3	0	-1.09207	1.54729	0
ebv-miR-BART3*	0	2.0345	1.55702	0
ebv-miR-BART4	0	1.03376	1.46378	0
ebv-miR-BART5	0	-2.34332	1.54725	0
ebv-miR-BART6-3p	0	-1.40235	1.54758	0
ebv-miR-BART6-5p	0	-2.72507	1.54702	0
ebv-miR-BART7	0	-1.18279	1.54906	0
ebv-miR-BART7*	0	-0.698861	1.54901	0
ebv-miR-BART8	0	2.42774	1.59365	0
ebv-miR-BART8*	0	-1.70053	1.5484	0
ebv-miR-BART9	0	-1.37234	1.54712	0
ebv-miR-BART9*	0	-2.28849	1.54787	0
ebv-miR-BHRF1-1	0	-0.487813	1.55351	0
ebv-miR-BHRF1-2	0	-1.08007	1.56527	0
ebv-miR-BHRF1-2*	0	-1.64189	1.54803	0
ebv-miR-BHRF1-3	0	-1.67203	1.54814	0
hcmv-miR-UL112	0	-0.113928	1.55159	0
hcmv-miR-UL148D	0	-0.247618	1.55276	0
hcmv-miR-UL22A	0	-1.71071	1.54743	0
hcmv-miR-UL22A*	0	-1.23453	1.54846	0
hcmv-miR-UL36	0	0.581096	1.61881	0
hcmv-miR-UL36*	0	-0.606056	1.54834	0
hcmv-miR-UL70-3p	0	5.47216	2.22507	0
hcmv-miR-UL70-5p	0	-1.2687	1.54893	0
hcmv-miR-US25-1	0	-0.984168	1.54945	0
hcmv-miR-US25-1*	0	0.170243	1.54978	0
hcmv-miR-US25-2-3p	0	-1.61785	1.54792	0
hcmv-miR-US25-2-5p	0	-1.34074	1.5485	0
hcmv-miR-US33-3p	0	-1.51338	1.54727	0
hcmv-miR-US33-5p	0	0.149004	1.55185	0
hcmv-miR-US4	0	-0.84777	1.54922	0
hcmv-miR-US5-1	0	-1.57453	1.54922	0
hcmv-miR-US5-2	0	-1.81521	1.54807	0
hiv1-miR-H1	0	-1.63431	2.1882	0
hiv1-miR-N367	0	0.212569	1.54946	0
hsa-let-7a	0	26725.5	2084.71	1
hsa-let-7a*	0	0.536839	1.55347	0
hsa-let-7b	0	13681.9	1096.14	1
hsa-let-7b*	0	5.96647	1.588	1
hsa-let-7c	0	1335.57	123.141	1
hsa-let-7c*	0	-1.06643	1.54829	0
hsa-let-7d	0	11072.2	930.17	1
hsa-let-7d*	0	171.053	14.9666	1
hsa-let-7e	0	1683.77	137.699	1
hsa-let-7e*	0	1.67936	1.55771	0
hsa-let-7f	0	20929.4	1845.52	1
hsa-let-7f-1*	0	3.46765	1.56408	0
hsa-let-7f-2*	0	1.05791	1.55974	0
hsa-let-7g	0	15626.5	1316.63	1
hsa-let-7g*	0	-0.623985	1.55044	0
hsa-let-7i	0	19591.2	1467.8	1
hsa-let-7i*	0	-0.263991	1.54977	0
hsa-miR-1	0	23.0304	3.12215	1
hsa-miR-100	0	33.9499	3.72749	1
hsa-miR-100*	0	0.711069	1.55273	0
hsa-miR-101	0	833.41	64.1489	1
hsa-miR-101*	0	2.00384	1.80142	0
hsa-miR-103	0	32165.9	2742.16	1
hsa-miR-105	0	-0.549041	1.54898	0
hsa-miR-105*	0	-0.114607	1.54905	0
hsa-miR-106a	0	210.278	14.7724	1
hsa-miR-106a*	0	-0.653895	1.55003	0
hsa-miR-106b	0	7419.3	603.407	1
hsa-miR-106b*	0	6.85724	1.73187	1
hsa-miR-107	0	18405.8	1465.45	1
hsa-miR-10a	0	261.213	21.0742	1
hsa-miR-10a*	0	0.456913	1.55288	0
hsa-miR-10b	0	11.6217	2.38542	1
hsa-miR-10b*	0	-1.12431	2.18794	0
hsa-miR-122	0	-0.864953	2.1891	0
hsa-miR-122*	0	-0.926456	2.18791	0
hsa-miR-1224-3p	0	-0.612283	1.54891	0
hsa-miR-1224-5p	0	4.38655	1.57129	0
hsa-miR-1225-3p	0	7.05932	1.59389	1
hsa-miR-1225-5p	0	86.9974	4.68905	1
hsa-miR-1226	0	1.3572	1.57671	1
hsa-miR-1226*	0	-0.319396	1.55068	0
hsa-miR-1227	0	13.5505	1.8451	1
hsa-miR-1228	0	25.2587	2.01256	1
hsa-miR-1228*	0	-0.160598	1.54953	0
hsa-miR-1229	0	7.51789	1.60896	1
hsa-miR-1231	0	-1.48596	1.54768	0
hsa-miR-1233	0	-2.52793	1.54866	0
hsa-miR-1234	0	123.996	8.34402	1
hsa-miR-1236	0	-1.64281	1.54852	0
hsa-miR-1237	0	2.43376	1.56084	0
hsa-miR-1238	0	8.76932	1.6142	1
hsa-miR-124	0	2.21639	1.80768	0
hsa-miR-124*	0	-0.738221	1.54798	0
hsa-miR-125a-3p	0	12.6452	1.96849	1
hsa-miR-125a-5p	0	885.771	81.2833	1
hsa-miR-125b	0	154.318	14.826	1
hsa-miR-125b-1*	0	1.96398	1.57152	0
hsa-miR-125b-2*	0	0.245076	2.1914	0
hsa-miR-126	0	17722.4	1458.57	1
hsa-miR-126*	0	434.513	37.688	1
hsa-miR-127-3p	0	81.6487	7.15517	1
hsa-miR-127-5p	0	-1.49036	1.54826	0
hsa-miR-128	0	430.735	34.8993	1
hsa-miR-129*	0	1.33772	2.19505	0
hsa-miR-129-3p	0	2.12494	2.20354	0
hsa-miR-129-5p	0	0.99902	2.19482	0
hsa-miR-130a	0	9902.41	743.339	1
hsa-miR-130a*	0	-0.231594	1.55003	0
hsa-miR-130b	0	2020.98	172.309	1
hsa-miR-130b*	0	12.6889	1.79842	1
hsa-miR-132	0	58.7441	5.17855	1
hsa-miR-132*	0	6.75819	2.28307	1
hsa-miR-133a	0	1.49158	2.19745	0
hsa-miR-133b	0	28.0616	3.35429	1
hsa-miR-134	0	166.348	13.4368	1
hsa-miR-135a	0	0.529121	2.19364	0
hsa-miR-135a*	0	0.627577	1.55233	0
hsa-miR-135b	0	0.0334198	2.19294	0
hsa-miR-135b*	0	-2.05257	1.54734	0
hsa-miR-136	0	156.3	12.6238	1
hsa-miR-136*	0	15.5771	2.51352	1
hsa-miR-137	0	-1.47868	2.18863	0
hsa-miR-138	0	-1.19171	2.18895	0
hsa-miR-138-1*	0	-3.05083	1.54746	0
hsa-miR-138-2*	0	-1.1808	1.55844	0
hsa-miR-139-3p	0	14.7874	2.46175	1
hsa-miR-139-5p	0	166.928	15.122	1
hsa-miR-140-3p	0	1028.37	87.8668	1
hsa-miR-140-5p	0	2797.5	205.207	1
hsa-miR-141	0	80.2883	7.49565	1
hsa-miR-141*	0	-0.830654	1.54769	0
hsa-miR-142-3p	0	20882.2	1560.74	1
hsa-miR-142-5p	0	1966.59	139.116	1
hsa-miR-143	0	53.2254	5.62223	1
hsa-miR-143*	0	1.83592	2.2063	0
hsa-miR-144	0	180.652	13.0359	1
hsa-miR-144*	0	54.7895	5.48938	1
hsa-miR-145	0	166.52	15.1976	1
hsa-miR-145*	0	4.74107	2.22282	0
hsa-miR-146a	0	4900.89	426.106	1
hsa-miR-146a*	0	0.635032	1.54996	0
hsa-miR-146b-3p	0	-0.780309	1.55039	0
hsa-miR-146b-5p	0	315.332	28.2753	1
hsa-miR-147	0	0.538877	2.20043	0
hsa-miR-147b	0	-0.337213	1.55253	0
hsa-miR-148a	0	1136.02	84.9813	1
hsa-miR-148a*	0	2.22426	1.58271	1
hsa-miR-148b	0	1205.77	109.799	1
hsa-miR-148b*	0	3.96585	1.58099	1
hsa-miR-149	0	3.3672	2.20599	0
hsa-miR-149*	0	-1.7011	1.54784	0
hsa-miR-150	0	526.475	44.9725	1
hsa-miR-150*	0	1.78921	1.55367	0
hsa-miR-151-3p	0	3611.2	290.183	1
hsa-miR-151-5p	0	10172.3	898.752	1
hsa-miR-152	0	74.3699	7.57462	1
hsa-miR-153	0	2.98045	2.21808	0
hsa-miR-154	0	338.894	31.834	1
hsa-miR-154*	0	496.31	35.3591	1
hsa-miR-155	0	191.355	16.8979	1
hsa-miR-155*	0	-1.79295	1.54732	0
hsa-miR-15a	0	12442.2	928.121	1
hsa-miR-15a*	0	14.5262	1.99943	1
hsa-miR-15b	0	37732.5	2908.91	1
hsa-miR-15b*	0	12.3045	1.89305	1
hsa-miR-16	0	37632.2	3197.39	1
hsa-miR-16-1*	0	-0.0911302	1.55147	0
hsa-miR-16-2*	0	64.1112	6.28615	1
hsa-miR-17	0	10540.3	879.778	1
hsa-miR-17*	0	363.288	32.4292	1
hsa-miR-181a	0	2481.24	202.474	1
hsa-miR-181a*	0	111.447	8.57972	1
hsa-miR-181a-2*	0	94.0933	7.16793	1
hsa-miR-181b	0	189.242	14.764	1
hsa-miR-181c	0	147.524	11.6952	1
hsa-miR-181c*	0	94.7556	6.58816	1
hsa-miR-181d	0	508.94	37.7834	1
hsa-miR-182	0	3.14045	1.5704	1
hsa-miR-182*	0	-0.532038	1.54914	0
hsa-miR-183	0	2.70323	1.56855	0
hsa-miR-183*	0	-2.11623	1.54732	0
hsa-miR-184	0	-1.104	2.18941	0
hsa-miR-185	0	6547.52	534.958	1
hsa-miR-185*	0	-0.00152592	1.55189	0
hsa-miR-186	0	409.619	31.7589	1
hsa-miR-186*	0	5.30391	1.59201	1
hsa-miR-187	0	-2.10848	1.54896	0
hsa-miR-187*	0	-0.774763	1.54926	0
hsa-miR-188-3p	0	-0.997912	1.54901	0
hsa-miR-188-5p	0	7.30847	2.25866	0
hsa-miR-18a	0	1183.94	96.7169	1
hsa-miR-18a*	0	-0.273843	1.54919	0
hsa-miR-18b	0	439.91	38.7061	1
hsa-miR-18b*	0	0.533837	1.55031	0
hsa-miR-190	0	3.17029	2.20569	0
hsa-miR-190b	0	0.463665	1.55123	0
hsa-miR-191	0	14.9995	1.93119	1
hsa-miR-191*	0	8.17953	1.60374	0
hsa-miR-192	0	99.2235	8.41413	1
hsa-miR-192*	0	-0.297876	2.19459	0
hsa-miR-193a-3p	0	2.12043	2.21305	0
hsa-miR-193a-5p	0	3.40347	2.22354	0
hsa-miR-193b	0	-1.43776	2.18932	0
hsa-miR-193b*	0	-1.57301	1.54746	0
hsa-miR-194	0	61.0697	5.61232	1
hsa-miR-194*	0	0.148841	1.55366	0
hsa-miR-195	0	286.122	25.1623	1
hsa-miR-195*	0	0.799445	1.54938	0
hsa-miR-196a	0	3.67065	2.20693	0
hsa-miR-196a*	0	-0.801236	1.54763	0
hsa-miR-196b	0	89.5451	7.89598	1
hsa-miR-197	0	3666.63	287.609	1
hsa-miR-198	0	-2.2898	2.18779	0
hsa-miR-199a-5p	0	4409.79	405.933	1
hsa-miR-199b-3p	0	23144.3	1757.38	1
hsa-miR-199b-5p	0	29.6298	3.4947	1
hsa-miR-19a	0	3634.33	275.162	1
hsa-miR-19a*	0	0.0826432	1.54817	0
hsa-miR-19b	0	14070.9	1287.07	1
hsa-miR-19b-1*	0	80.2735	7.58379	1
hsa-miR-19b-2*	0	0.592797	1.54972	0
hsa-miR-200a	0	9.62599	2.31051	1
hsa-miR-200a*	0	-1.90152	1.79389	0
hsa-miR-200b	0	52.9908	5.25395	1
hsa-miR-200b*	0	-0.030972	1.55126	0
hsa-miR-200c	0	184.092	18.009	1
hsa-miR-200c*	0	-0.461575	1.55072	0
hsa-miR-202	0	-0.321578	2.19156	0
hsa-miR-202*	0	-1.35206	2.1883	0
hsa-miR-203	0	1.46737	2.19646	0
hsa-miR-204	0	52.4242	5.16922	1
hsa-miR-205	0	-1.35002	2.18828	0
hsa-miR-206	0	1.31346	2.19474	0
hsa-miR-208a	0	-1.80861	2.18897	0
hsa-miR-208b	0	-1.80252	2.18858	0
hsa-miR-20a	0	21201.6	1600.14	1
hsa-miR-20a*	0	111.165	10.0236	1
hsa-miR-20b	0	2236.48	190.895	1
hsa-miR-20b*	0	-1.42995	1.54765	0
hsa-miR-21	0	95609.1	7621.31	1
hsa-miR-21*	0	75.5952	6.86962	1
hsa-miR-210	0	190.13	15.003	1
hsa-miR-211	0	2.08808	2.19651	0
hsa-miR-212	0	3.43983	2.22382	0
hsa-miR-214	0	-1.74476	2.18901	0
hsa-miR-214*	0	-0.280311	2.18862	0
hsa-miR-215	0	18.7191	2.56247	1
hsa-miR-216a	0	-1.42984	1.54794	0
hsa-miR-216b	0	-1.53488	1.54746	0
hsa-miR-217	0	-1.45221	1.54723	0
hsa-miR-218	0	-1.45836	2.18882	0
hsa-miR-218-1*	0	-1.62125	1.54736	0
hsa-miR-218-2*	0	-2.43033	1.547	0
hsa-miR-219-1-3p	0	-2.559	1.54707	0
hsa-miR-219-2-3p	0	-0.408788	2.18957	0
hsa-miR-219-5p	0	13.4998	2.41785	1
hsa-miR-22	0	38666.5	3402.57	1
hsa-miR-22*	0	152.828	13.4727	1
hsa-miR-220a	0	-0.461864	1.54846	0
hsa-miR-220b	0	-1.3142	1.54785	0
hsa-miR-220c	0	-1.55408	1.54858	0
hsa-miR-221	0	5707.61	475.585	1
hsa-miR-221*	0	272.026	22.5038	1
hsa-miR-222	0	150.516	14.5027	1
hsa-miR-222*	0	0.439646	1.55446	0
hsa-miR-223	0	104320	7994.09	1
hsa-miR-223*	0	141.042	11.0357	1
hsa-miR-224	0	432.331	33.0055	1
hsa-miR-23a	0	27809.8	2215.53	1
hsa-miR-23a*	0	11.8266	1.79085	1
hsa-miR-23b	0	7630.21	628.094	1
hsa-miR-23b*	0	16.1468	2.00463	1
hsa-miR-24	0	27373.2	1980.81	1
hsa-miR-24-1*	0	165.928	13.5264	1
hsa-miR-24-2*	0	-2.39008	1.54716	0
hsa-miR-25	0	4461.74	404.554	1
hsa-miR-25*	0	1.01593	1.55382	0
hsa-miR-26a	0	13076.9	1039.36	1
hsa-miR-26a-1*	0	15.3824	2.03183	1
hsa-miR-26a-2*	0	0.785767	1.55017	0
hsa-miR-26b	0	6098.23	453.53	1
hsa-miR-26b*	0	13.9272	1.87552	1
hsa-miR-27a	0	30499.9	2467.21	1
hsa-miR-27a*	0	-1.20806	1.54851	0
hsa-miR-27b	0	9686.19	773.027	1
hsa-miR-27b*	0	0.0180075	1.54942	0
hsa-miR-28-3p	0	1.20556	1.55334	0
hsa-miR-28-5p	0	2489.56	189.016	1
hsa-miR-296-3p	0	-1.5519	1.54834	0
hsa-miR-296-5p	0	5.47964	2.23166	0
hsa-miR-297	0	-0.426074	1.54859	0
hsa-miR-298	0	-1.96643	1.54728	0
hsa-miR-299-3p	0	18.7907	2.62618	1
hsa-miR-299-5p	0	57.1047	5.40101	1
hsa-miR-29a	0	2678.02	226.324	1
hsa-miR-29a*	0	1.69799	1.55576	0
hsa-miR-29b	0	862.621	80.6444	1
hsa-miR-29b-1*	0	14.8653	1.82574	1
hsa-miR-29b-2*	0	1.35808	1.56188	0
hsa-miR-29c	0	3176.46	225.348	1
hsa-miR-29c*	0	119.295	10.5569	1
hsa-miR-300	0	-0.278197	1.54888	0
hsa-miR-301a	0	1621.92	140.667	1
hsa-miR-301b	0	129.678	10.8085	1
hsa-miR-302a	0	0.391489	2.19191	0
hsa-miR-302a*	0	-0.0113025	1.55099	0
hsa-miR-302b	0	0.420002	1.55026	0
hsa-miR-302b*	0	-0.927253	1.54804	0
hsa-miR-302c	0	-0.222732	1.79519	0
hsa-miR-302c*	0	-0.321695	2.19192	0
hsa-miR-302d	0	-0.882202	1.79559	0
hsa-miR-302d*	0	5.84359	1.59686	1
hsa-miR-30a	0	354.754	31.0488	1
hsa-miR-30a*	0	56.4889	4.76287	1
hsa-miR-30b	0	3541	282.138	1
hsa-miR-30b*	0	42.3539	4.53484	1
hsa-miR-30c	0	2021.75	185.68	1
hsa-miR-30c-1*	0	15.3923	2.1181	1
hsa-miR-30c-2*	0	2.96843	2.20761	0
hsa-miR-30d	0	8560.76	617.944	1
hsa-miR-30d*	0	20.8339	2.09906	1
hsa-miR-30e	0	3035.48	258.219	1
hsa-miR-30e*	0	815.669	67.8794	1
hsa-miR-31	0	1.30718	2.1957	0
hsa-miR-31*	0	-0.833727	2.19007	0
hsa-miR-32	0	44.6661	3.18911	1
hsa-miR-32*	0	4.68491	1.57019	0
hsa-miR-320	0	2776.57	255.272	1
hsa-miR-323-3p	0	46.5446	4.04974	1
hsa-miR-323-5p	0	-1.82964	1.54733	0
hsa-miR-324-3p	0	1840.74	148.033	1
hsa-miR-324-5p	0	1593.67	124.733	1
hsa-miR-325	0	-1.52432	1.5483	0
hsa-miR-326	0	674.072	54.3054	1
hsa-miR-328	0	576.251	53.8287	1
hsa-miR-329	0	16.8699	2.62326	1
hsa-miR-330-3p	0	256.827	22.3124	1
hsa-miR-330-5p	0	1.57735	1.55387	0
hsa-miR-331-3p	0	6500.84	511.441	1
hsa-miR-331-5p	0	-0.612822	1.54923	0
hsa-miR-335	0	163.895	15.2979	1
hsa-miR-335*	0	15.2208	1.76501	1
hsa-miR-337-3p	0	20.2642	2.66807	1
hsa-miR-337-5p	0	69.8414	5.96995	1
hsa-miR-338-3p	0	484.661	43.362	1
hsa-miR-338-5p	0	-0.366161	1.54791	0
hsa-miR-339-3p	0	28.0093	2.80466	1
hsa-miR-339-5p	0	0.407686	1.5609	0
hsa-miR-33a	0	176.839	15.8246	1
hsa-miR-33a*	0	-2.42001	1.54705	0
hsa-miR-33b	0	5.99999	1.6284	1
hsa-miR-33b*	0	2.03659	1.55832	0
hsa-miR-340	0	276.583	19.6833	1
hsa-miR-340*	0	672.169	61.1493	1
hsa-miR-342-3p	0	4261.03	375.353	1
hsa-miR-342-5p	0	114.298	10.8332	1
hsa-miR-345	0	0.532568	1.5513	0
hsa-miR-346	0	-1.44287	1.79362	0
hsa-miR-34a	0	192.055	15.8995	1
hsa-miR-34a*	0	-1.4745	2.18793	0
hsa-miR-34b	0	2.18767	2.20264	0
hsa-miR-34b*	0	3.87192	2.21388	0
hsa-miR-34c-3p	0	-1.7273	1.54854	0
hsa-miR-34c-5p	0	-1.02917	2.18829	0
hsa-miR-361-3p	0	105.948	9.97863	1
hsa-miR-361-5p	0	1575.69	137.807	1
hsa-miR-362-3p	0	11.289	2.40068	1
hsa-miR-362-5p	0	144.811	12.7657	1
hsa-miR-363	0	543.276	39.9024	1
hsa-miR-363*	0	-1.42446	1.5474	0
hsa-miR-365	0	7.33561	2.25185	0
hsa-miR-367	0	-0.772144	2.18812	0
hsa-miR-367*	0	1.78932	1.67331	0
hsa-miR-369-3p	0	8.82321	2.29575	1
hsa-miR-369-5p	0	104.456	8.72151	1
hsa-miR-370	0	18.2517	2.88842	1
hsa-miR-371-3p	0	-1.57991	2.19026	0
hsa-miR-371-5p	0	1.24631	1.55432	0
hsa-miR-372	0	-0.176865	2.18929	0
hsa-miR-373	0	3.81295	2.2228	0
hsa-miR-373*	0	-1.60774	2.18961	0
hsa-miR-374a	0	923.805	65.9829	1
hsa-miR-374a*	0	1.94247	1.55849	0
hsa-miR-374b	0	1618.93	114.668	1
hsa-miR-374b*	0	1.92905	1.55784	0
hsa-miR-375	0	-1.46551	2.18781	0
hsa-miR-376a	0	447.052	35.9855	1
hsa-miR-376a*	0	94.2856	8.71294	1
hsa-miR-376b	0	49.2985	4.86396	1
hsa-miR-376c	0	727.074	57.0203	1
hsa-miR-377	0	1636.16	145.54	1
hsa-miR-377*	0	71.8889	6.376	1
hsa-miR-378	0	11.5734	2.3949	1
hsa-miR-378*	0	14.1694	2.44273	1
hsa-miR-379	0	191.767	16.894	1
hsa-miR-379*	0	0.873841	1.55259	0
hsa-miR-380	0	1.84425	2.1996	0
hsa-miR-380*	0	-1.90473	1.54996	0
hsa-miR-381	0	248.896	20.4027	1
hsa-miR-382	0	356.11	32.8442	1
hsa-miR-383	0	0.754051	1.79717	0
hsa-miR-384	0	-2.06569	3.09467	0
hsa-miR-409-3p	0	1287.5	93.2544	1
hsa-miR-409-5p	0	209.202	13.6773	1
hsa-miR-410	0	1313.39	93.1899	1
hsa-miR-411	0	27.8473	3.11319	1
hsa-miR-411*	0	7.79055	1.69572	1
hsa-miR-412	0	-0.612031	1.54867	0
hsa-miR-421	0	45.6137	4.74797	1
hsa-miR-422a	0	0.181141	1.55133	0
hsa-miR-423-3p	0	64.7727	4.8434	1
hsa-miR-423-5p	0	548.985	50.6032	1
hsa-miR-424	0	555.172	44.5237	1
hsa-miR-424*	0	1.17952	2.19843	0
hsa-miR-425	0	3536.83	286.168	1
hsa-miR-425*	0	14.9198	2.55874	1
hsa-miR-429	0	1.83056	2.20348	0
hsa-miR-431	0	194.512	17.6315	1
hsa-miR-431*	0	0.66753	1.55524	0
hsa-miR-432	0	213.544	16.5853	1
hsa-miR-432*	0	0.164894	1.54895	0
hsa-miR-433	0	21.9019	3.05921	1
hsa-miR-448	0	-1.40085	1.54853	0
hsa-miR-449a	0	4.2853	2.23349	0
hsa-miR-449b	0	1.44516	1.80117	0
hsa-miR-450a	0	6.61489	2.24679	0
hsa-miR-450b-3p	0	-1.09096	1.54725	0
hsa-miR-450b-5p	0	0.10731	1.54907	0
hsa-miR-451	0	21292.4	1546.99	1
hsa-miR-452	0	21.4641	2.71617	1
hsa-miR-452*	0	-0.491218	1.55016	0
hsa-miR-453	0	-0.227002	1.55052	0
hsa-miR-454	0	321.111	29.6806	1
hsa-miR-454*	0	26.4567	2.58299	1
hsa-miR-455-3p	0	-1.01422	2.19407	0
hsa-miR-455-5p	0	0.474962	2.20457	0
hsa-miR-483-3p	0	3.61945	2.21456	0
hsa-miR-483-5p	0	6.39233	2.24549	0
hsa-miR-484	0	656.108	53.9521	1
hsa-miR-485-3p	0	863.773	76.4182	1
hsa-miR-485-5p	0	77.5038	6.6661	1
hsa-miR-486-3p	0	87.4511	7.54428	1
hsa-miR-486-5p	0	2045.48	154.786	1
hsa-miR-487a	0	216.341	18.4328	1
hsa-miR-487b	0	389.734	33.3871	1
hsa-miR-488	0	-0.140029	2.18988	0
hsa-miR-488*	0	-1.29644	2.18797	0
hsa-miR-489	0	-1.12937	2.18935	0
hsa-miR-490-3p	0	24.1956	2.7921	1
hsa-miR-490-5p	0	7.81855	1.70745	1
hsa-miR-491-3p	0	-1.0087	1.54949	0
hsa-miR-491-5p	0	8.16428	1.76715	1
hsa-miR-492	0	-0.650431	2.1893	0
hsa-miR-493	0	1.9079	1.56066	0
hsa-miR-493*	0	68.5517	6.5375	1
hsa-miR-494	0	30.9262	3.13329	1
hsa-miR-495	0	258.666	21.3008	1
hsa-miR-496	0	8.61118	2.34329	1
hsa-miR-497	0	99.3779	9.17989	1
hsa-miR-497*	0	-1.32697	1.54939	0
hsa-miR-498	0	2.8875	2.20413	0
hsa-miR-499-3p	0	-2.14084	1.5491	0
hsa-miR-499-5p	0	2.43009	2.19845	0
hsa-miR-500	0	-1.05312	1.79999	0
hsa-miR-500*	0	57.3645	5.19221	1
hsa-miR-501-3p	0	17.1963	2.07768	1
hsa-miR-501-5p	0	3.9948	1.57148	0
hsa-miR-502-3p	0	39.4795	4.08272	1
hsa-miR-502-5p	0	19.205	2.74764	1
hsa-miR-503	0	97.5849	7.28464	1
hsa-miR-504	0	-0.672607	1.54755	0
hsa-miR-505	0	214.388	18.3201	1
hsa-miR-505*	0	125.806	8.79922	1
hsa-miR-506	0	-1.73968	2.18846	0
hsa-miR-507	0	-0.541803	2.19351	0
hsa-miR-508-3p	0	-0.587914	2.18865	0
hsa-miR-508-5p	0	-2.12905	1.79392	0
hsa-miR-509-3-5p	0	-1.90209	2.18807	0
hsa-miR-509-3p	0	-0.6067	2.19003	0
hsa-miR-509-5p	0	-2.42166	2.18802	0
hsa-miR-510	0	-2.83437	2.18781	0
hsa-miR-511	0	-0.782214	1.54776	0
hsa-miR-512-3p	0	-0.491478	2.19228	0
hsa-miR-512-5p	0	-0.814232	2.18943	0
hsa-miR-513a-3p	0	-2.07009	1.54754	0
hsa-miR-513a-5p	0	5.4056	2.24139	0
hsa-miR-513b	0	1.28531	1.55522	0
hsa-miR-513c	0	1.32623	1.55117	0
hsa-miR-514	0	-0.565593	2.18931	0
hsa-miR-515-3p	0	-0.580158	2.19016	0
hsa-miR-515-5p	0	-1.70612	1.79422	0
hsa-miR-516a-3p	0	-0.769862	1.79699	0
hsa-miR-516a-5p	0	-1.42736	2.18841	0
hsa-miR-516b	0	-0.89187	2.1887	0
hsa-miR-517*	0	-0.988962	2.1888	0
hsa-miR-517a	0	1.06957	2.19583	0
hsa-miR-517b	0	0.434104	2.19075	0
hsa-miR-517c	0	-0.256405	2.19098	0
hsa-miR-518a-3p	0	-1.70428	2.18796	0
hsa-miR-518b	0	0.309995	2.1949	0
hsa-miR-518c	0	0.261388	2.19505	0
hsa-miR-518c*	0	-0.94849	2.18796	0
hsa-miR-518d-3p	0	0.782301	2.19304	0
hsa-miR-518d-5p	0	-0.984408	2.18979	0
hsa-miR-518e	0	-0.800849	2.18924	0
hsa-miR-518e*	0	-0.31337	1.79489	0
hsa-miR-518f	0	-0.259416	2.19441	0
hsa-miR-518f*	0	-2.17349	2.18781	0
hsa-miR-519a	0	-1.16406	2.18894	0
hsa-miR-519b-3p	0	-0.0289196	2.18989	0
hsa-miR-519c-3p	0	-0.459832	2.18864	0
hsa-miR-519d	0	0.520937	2.19271	0
hsa-miR-519e	0	0.65472	2.19296	0
hsa-miR-519e*	0	-2.10663	2.18779	0
hsa-miR-520a-3p	0	0.816938	2.19732	0
hsa-miR-520a-5p	0	-0.882013	2.18807	0
hsa-miR-520b	0	1.90067	2.2001	0
hsa-miR-520c-3p	0	-1.42355	2.1879	0
hsa-miR-520d-3p	0	6.29083	2.24202	0
hsa-miR-520d-5p	0	-1.76096	2.18823	0
hsa-miR-520e	0	1.1	1.79853	0
hsa-miR-520f	0	1.21226	2.19404	0
hsa-miR-520g	0	-0.10088	2.18927	0
hsa-miR-520h	0	0.358252	1.7983	0
hsa-miR-521	0	-1.01235	2.18849	0
hsa-miR-522	0	1.44568	2.19902	0
hsa-miR-523	0	-0.923272	2.19019	0
hsa-miR-524-3p	0	-0.364821	2.18871	0
hsa-miR-524-5p	0	-2.39828	2.18779	0
hsa-miR-525-3p	0	-1.55418	1.5475	0
hsa-miR-525-5p	0	0.121846	1.7964	0
hsa-miR-526b	0	-1.57146	2.18809	0
hsa-miR-526b*	0	0.0741136	2.19164	0
hsa-miR-527	0	0.106315	1.80117	0
hsa-miR-532-3p	0	60.5177	5.86215	1
hsa-miR-532-5p	0	91.6753	8.08056	1
hsa-miR-539	0	53.6904	4.70451	1
hsa-miR-541	0	0.11099	1.5504	0
hsa-miR-541*	0	-0.772234	1.54936	0
hsa-miR-542-3p	0	18.4152	2.22388	1
hsa-miR-542-5p	0	51.3281	4.51111	1
hsa-miR-543	0	183.912	14.8281	1
hsa-miR-544	0	-0.91583	1.54829	0
hsa-miR-545	0	37.5203	2.98422	1
hsa-miR-545*	0	-0.26416	1.55204	0
hsa-miR-548a-3p	0	-2.32453	1.54797	0
hsa-miR-548a-5p	0	9.85152	1.66458	1
hsa-miR-548b-3p	0	0.228883	1.54972	0
hsa-miR-548b-5p	0	0.363517	1.55118	0
hsa-miR-548c-3p	0	-0.0237133	1.54885	0
hsa-miR-548c-5p	0	109.054	6.7398	1
hsa-miR-548d-3p	0	-0.529239	1.54944	0
hsa-miR-548d-5p	0	6.51385	1.59495	1
hsa-miR-549	0	-1.44338	1.54733	0
hsa-miR-550	0	-0.162313	1.55187	0
hsa-miR-550*	0	60.2327	4.022	1
hsa-miR-551a	0	-0.836333	1.54921	0
hsa-miR-551b	0	342.615	26.813	1
hsa-miR-551b*	0	-2.00358	1.54763	0
hsa-miR-552	0	-0.260066	1.5512	0
hsa-miR-553	0	2.6201	1.55689	0
hsa-miR-554	0	-0.225892	1.54899	0
hsa-miR-555	0	0.658465	1.56037	0
hsa-miR-556-3p	0	-0.558089	1.54856	0
hsa-miR-556-5p	0	0.371852	1.55267	0
hsa-miR-557	0	7.59267	2.26433	0
hsa-miR-558	0	-1.77606	1.5476	0
hsa-miR-559	0	-1.55078	1.54705	0
hsa-miR-561	0	-0.791129	1.54813	0
hsa-miR-562	0	-0.931536	1.54944	0
hsa-miR-563	0	-0.723849	1.54868	0
hsa-miR-564	0	-1.31295	1.79414	0
hsa-miR-566	0	-1.59321	1.5475	0
hsa-miR-567	0	-1.53427	1.54739	0
hsa-miR-568	0	-0.44712	2.1889	0
hsa-miR-569	0	-1.17312	1.54887	0
hsa-miR-570	0	-0.182271	1.54939	0
hsa-miR-571	0	-1.28343	2.18783	0
hsa-miR-572	0	2.56088	2.22943	0
hsa-miR-573	0	0.0516754	1.54821	0
hsa-miR-574-3p	0	1399.63	105.288	1
hsa-miR-574-5p	0	255.392	19.7266	1
hsa-miR-575	0	15.7687	2.4764	1
hsa-miR-576-3p	0	3.31571	1.57848	1
hsa-miR-576-5p	0	0.186871	1.54984	0
hsa-miR-577	0	-0.946065	2.19041	0
hsa-miR-578	0	0.827175	1.56742	0
hsa-miR-579	0	1.11795	1.55365	0
hsa-miR-580	0	-0.428857	1.5484	0
hsa-miR-581	0	-1.01657	1.54889	0
hsa-miR-582-3p	0	-2.19302	1.5478	0
hsa-miR-582-5p	0	2.39751	2.19936	0
hsa-miR-583	0	-0.855776	1.79389	0
hsa-miR-584	0	564.55	50.2147	1
hsa-miR-585	0	-0.978595	1.79365	0
hsa-miR-586	0	-0.304628	1.54897	0
hsa-miR-587	0	-0.504634	1.54856	0
hsa-miR-588	0	-2.20874	1.54731	0
hsa-miR-589	0	1.81676	1.57327	1
hsa-miR-589*	0	1.0281	1.55494	0
hsa-miR-590-3p	0	-0.629188	1.54846	0
hsa-miR-590-5p	0	1035.66	89.2803	1
hsa-miR-591	0	-1.04152	1.54939	0
hsa-miR-592	0	-0.767725	2.18927	0
hsa-miR-593	0	1.84121	1.55475	0
hsa-miR-593*	0	-0.137588	1.54899	0
hsa-miR-595	0	7.22514	1.8584	1
hsa-miR-596	0	-1.06754	1.57301	0
hsa-miR-597	0	-0.980231	1.54827	0
hsa-miR-598	0	55.4508	5.57755	1
hsa-miR-599	0	0.673585	1.54992	0
hsa-miR-600	0	-2.72278	1.54701	0
hsa-miR-601	0	1.4799	1.55256	0
hsa-miR-602	0	0.844692	1.7971	0
hsa-miR-603	0	-1.10921	1.5488	0
hsa-miR-604	0	-1.67638	1.79426	0
hsa-miR-605	0	-1.55104	2.18817	0
hsa-miR-606	0	-2.12478	1.54722	0
hsa-miR-607	0	-2.20381	1.54789	0
hsa-miR-608	0	-1.82253	2.1886	0
hsa-miR-609	0	1.04247	1.66063	0
hsa-miR-610	0	0.55787	1.55333	0
hsa-miR-611	0	-2.03631	1.79526	0
hsa-miR-612	0	-1.63304	1.54755	0
hsa-miR-613	0	-0.560085	1.54941	0
hsa-miR-614	0	-1.69709	1.79373	0
hsa-miR-615-3p	0	-0.223928	1.54849	0
hsa-miR-615-5p	0	-1.86737	1.54735	0
hsa-miR-616	0	-1.31954	1.55101	0
hsa-miR-616*	0	-0.0532267	1.55147	0
hsa-miR-617	0	-0.0976324	1.79591	0
hsa-miR-618	0	-0.956987	1.54777	0
hsa-miR-619	0	-0.356248	1.54917	0
hsa-miR-620	0	-1.77368	3.09741	0
hsa-miR-621	0	-1.07778	1.54875	0
hsa-miR-622	0	-0.442427	1.79621	0
hsa-miR-623	0	39.9161	2.60998	1
hsa-miR-624	0	2.81203	1.56389	0
hsa-miR-624*	0	17.1371	2.1237	1
hsa-miR-625	0	1882.05	174.642	1
hsa-miR-625*	0	11.0662	1.70502	1
hsa-miR-626	0	-2.23787	1.54711	0
hsa-miR-627	0	60.9258	3.81058	1
hsa-miR-628-3p	0	13.2085	1.83689	1
hsa-miR-628-5p	0	102.129	6.99775	1
hsa-miR-629	0	12.3691	1.89745	1
hsa-miR-629*	0	15.0086	1.94684	1
hsa-miR-630	0	14.9355	2.45443	1
hsa-miR-631	0	0.237682	2.19881	0
hsa-miR-632	0	-1.66844	1.79498	0
hsa-miR-633	0	-1.10031	1.54748	0
hsa-miR-634	0	2.31835	1.55455	0
hsa-miR-635	0	-2.28238	1.54744	0
hsa-miR-636	0	0.438822	1.54973	0
hsa-miR-637	0	0.717465	1.55243	0
hsa-miR-638	0	137.554	10.5475	1
hsa-miR-639	0	-0.0976351	1.55856	0
hsa-miR-640	0	-0.539397	1.79902	0
hsa-miR-641	0	13.7146	1.82337	1
hsa-miR-642	0	-0.758691	1.5511	0
hsa-miR-643	0	-1.10637	1.55119	0
hsa-miR-644	0	-1.11364	1.54814	0
hsa-miR-645	0	0.357721	1.55283	0
hsa-miR-646	0	-3.4035	1.54761	0
hsa-miR-647	0	-1.33051	1.548	0
hsa-miR-648	0	-1.61862	1.79442	0
hsa-miR-649	0	-0.669669	1.55655	0
hsa-miR-650	0	-3.16087	1.79337	0
hsa-miR-651	0	-0.555916	1.5485	0
hsa-miR-652	0	1106.88	104.393	1
hsa-miR-653	0	-0.402872	1.55127	0
hsa-miR-654-3p	0	277.604	25.1303	1
hsa-miR-654-5p	0	42.6713	2.6863	1
hsa-miR-655	0	0.608359	1.55109	0
hsa-miR-656	0	2.87033	2.20168	0
hsa-miR-657	0	-0.631063	1.54826	0
hsa-miR-658	0	-1.39829	1.54744	0
hsa-miR-659	0	-0.444234	2.18932	0
hsa-miR-660	0	112.794	10.452	1
hsa-miR-661	0	-1.23356	1.54786	0
hsa-miR-662	0	0.47778	1.54921	0
hsa-miR-663	0	1.21288	2.20288	0
hsa-miR-665	0	-0.934356	1.5502	0
hsa-miR-668	0	48.5748	3.15565	1
hsa-miR-671-3p	0	-0.283466	1.54874	0
hsa-miR-671-5p	0	6.83535	2.24771	0
hsa-miR-675	0	-3.07313	1.54709	0
hsa-miR-7	0	55.7538	5.47776	1
hsa-miR-7-1*	0	89.15	7.52189	1
hsa-miR-7-2*	0	0.593766	1.54981	0
hsa-miR-708	0	-1.51453	1.54744	0
hsa-miR-708*	0	-0.70712	1.54896	0
hsa-miR-744	0	419.089	30.3561	1
hsa-miR-744*	0	29.1581	2.40625	1
hsa-miR-758	0	126.825	8.30782	1
hsa-miR-760	0	0.422709	1.55305	0
hsa-miR-765	0	3.47194	2.20799	0
hsa-miR-766	0	781.994	42.0803	1
hsa-miR-767-3p	0	1.20137	1.55438	0
hsa-miR-767-5p	0	0.278238	1.54924	0
hsa-miR-768-3p	0	20.6755	2.77933	1
hsa-miR-768-5p	0	88.7473	8.31939	1
hsa-miR-769-3p	0	7.72419	1.6245	1
hsa-miR-769-5p	0	151.155	12.2906	1
hsa-miR-770-5p	0	2.46786	1.55947	0
hsa-miR-801	0	-0.178343	2.19209	0
hsa-miR-802	0	-0.150518	1.54828	0
hsa-miR-873	0	-1.13523	1.54827	0
hsa-miR-874	0	39.6778	4.18315	1
hsa-miR-875-3p	0	-0.913617	1.54842	0
hsa-miR-875-5p	0	-0.8337	1.54871	0
hsa-miR-876-3p	0	-0.461224	1.54876	0
hsa-miR-876-5p	0	-0.676296	1.54828	0
hsa-miR-877	0	4.44315	1.6067	1
hsa-miR-877*	0	6.50796	1.59402	0
hsa-miR-885-3p	0	1.91538	1.5595	0
hsa-miR-885-5p	0	9.63801	2.29843	1
hsa-miR-886-3p	0	40.0673	3.36746	1
hsa-miR-886-5p	0	-1.31517	1.54757	0
hsa-miR-887	0	0.0140322	1.55401	0
hsa-miR-888	0	-0.553972	2.19094	0
hsa-miR-888*	0	-1.63769	1.54841	0
hsa-miR-889	0	9.34255	1.65682	1
hsa-miR-890	0	-1.47911	1.54749	0
hsa-miR-891a	0	-1.81889	2.18924	0
hsa-miR-891b	0	-0.0754727	2.18985	0
hsa-miR-892a	0	-0.149085	1.55469	0
hsa-miR-892b	0	-0.0763652	1.55119	0
hsa-miR-9	0	3.39941	2.21395	0
hsa-miR-9*	0	10.1535	2.31947	1
hsa-miR-920	0	-1.82059	1.54721	0
hsa-miR-921	0	-1.39722	1.54882	0
hsa-miR-922	0	-1.43397	1.54852	0
hsa-miR-923	0	539.324	48.2271	1
hsa-miR-924	0	0.134651	1.55147	0
hsa-miR-92a	0	8866.02	715.695	1
hsa-miR-92a-1*	0	4.84622	1.60698	1
hsa-miR-92a-2*	0	-0.405493	1.5496	0
hsa-miR-92b	0	-0.432054	1.55243	0
hsa-miR-92b*	0	-2.80544	1.54713	0
hsa-miR-93	0	3668.95	341.2	1
hsa-miR-93*	0	4.77763	1.6757	1
hsa-miR-933	0	0.893586	1.55445	0
hsa-miR-934	0	-3.13262	1.54721	0
hsa-miR-935	0	-1.47662	1.5477	0
hsa-miR-936	0	-0.0777478	2.19087	0
hsa-miR-937	0	-0.975223	1.54771	0
hsa-miR-938	0	-0.0872228	1.55009	0
hsa-miR-939	0	33.9188	3.25621	1
hsa-miR-940	0	52.5994	4.44697	1
hsa-miR-941	0	-3.21528	1.54714	0
hsa-miR-942	0	1.59814	1.55409	0
hsa-miR-943	0	-1.73747	1.54811	0
hsa-miR-944	0	0.48035	1.55873	0
hsa-miR-95	0	0.953639	2.19688	0
hsa-miR-96	0	5.13951	2.22898	0
hsa-miR-96*	0	-1.43398	1.54745	0
hsa-miR-98	0	969.57	88.1473	1
hsa-miR-99a	0	141.348	13.094	1
hsa-miR-99a*	0	-0.755134	1.54825	0
hsa-miR-99b	0	204.329	16.3262	1
hsa-miR-99b*	0	-1.11889	1.5484	0
hsv1-miR-H1	0	-1.03938	1.54848	0
hsv1-miR-LAT	0	7.34752	1.59919	1
hur_1	1	1130.2	57.7192	1
hur_2	1	1969.29	99.5097	1
hur_4	1	464.93	25.4286	1
hur_5	1	-1.45175	1.93471	0
hur_6	1	280.361	18.1726	1
kshv-miR-K12-1	0	-2.69907	1.54717	0
kshv-miR-K12-10a	0	-1.0772	1.55124	0
kshv-miR-K12-11	0	-1.22886	1.54732	0
kshv-miR-K12-12	0	-1.04688	1.55911	0
kshv-miR-K12-2	0	-1.42152	1.54958	0
kshv-miR-K12-3	0	21.2033	2.85435	1
kshv-miR-K12-3*	0	-1.40845	1.55016	0
kshv-miR-K12-4-3p	0	-1.01051	1.55041	0
kshv-miR-K12-4-5p	0	-1.58137	1.54764	0
kshv-miR-K12-5	0	-1.52294	1.5474	0
kshv-miR-K12-6-3p	0	-1.48715	1.54806	0
kshv-miR-K12-6-5p	0	-1.94198	1.54803	0
kshv-miR-K12-7	0	-1.25313	1.55695	0
kshv-miR-K12-8	0	-2.45509	1.54874	0
kshv-miR-K12-9	0	-0.27908	1.54871	0
kshv-miR-K12-9*	0	-0.75057	1.55952	0
miRNABrightCorner30	1	15532.8	1556.92	1
mr_1	1	114.379	6.40799	1
