SystematicName	ControlType	gTotalGeneSignal	gTotalGeneError	gIsGeneDetected
DarkCorner	1	4.90318	5.00257	0
NC1_00000197	-1	0.949057	12.1715	0
NC1_00000215	-1	12.992	12.2522	0
NC2_00079215	-1	-2.94478	12.1624	0
NC2_00092197	-1	1.09734	12.1819	0
NC2_00106057	-1	4.53646	12.1919	0
NC2_00122731	-1	3.05013	12.1803	0
NegativeControl	-1	-2.72657	54.7371	0
SCorner3	1	0.740798	0.979493	0
dmr_285	1	-1.87361	2.68746	0
dmr_3	1	-2.1901	2.68515	0
dmr_308	1	-1.83583	2.68595	0
dmr_316	1	-1.76963	2.68422	0
dmr_31a	1	-2.65805	2.68754	0
dmr_6	1	1.17181	2.70153	0
ebv-miR-BART1-3p	0	-1.20818	1.52054	0
ebv-miR-BART1-5p	0	-1.98077	1.51937	0
ebv-miR-BART10	0	0.0803989	1.52391	0
ebv-miR-BART10*	0	-0.481387	1.52008	0
ebv-miR-BART11-3p	0	-2.37323	1.51831	0
ebv-miR-BART11-5p	0	-0.80066	1.51935	0
ebv-miR-BART12	0	1298.17	66.4738	1
ebv-miR-BART13	0	4.27201	2.18712	0
ebv-miR-BART13*	0	-2.4865	1.51893	0
ebv-miR-BART14	0	-1.56319	1.51897	0
ebv-miR-BART14*	0	0.300529	1.53615	0
ebv-miR-BART15	0	0.842264	1.52178	0
ebv-miR-BART16	0	8.23621	1.60808	1
ebv-miR-BART17-3p	0	-0.0676031	1.52134	0
ebv-miR-BART17-5p	0	-1.96348	1.51873	0
ebv-miR-BART18-3p	0	-0.761813	1.52093	0
ebv-miR-BART18-5p	0	0.258016	1.52117	0
ebv-miR-BART19-3p	0	-0.486023	1.52254	0
ebv-miR-BART19-5p	0	-1.14837	1.53069	0
ebv-miR-BART2-3p	0	-0.987641	1.51912	0
ebv-miR-BART2-5p	0	-2.09373	1.51876	0
ebv-miR-BART20-3p	0	-2.85716	1.51824	0
ebv-miR-BART20-5p	0	-1.25719	1.51861	0
ebv-miR-BART3	0	-1.98708	1.51954	0
ebv-miR-BART3*	0	3.03501	1.5409	0
ebv-miR-BART4	0	-0.00812628	1.43413	0
ebv-miR-BART5	0	-0.627708	1.52002	0
ebv-miR-BART6-3p	0	-2.20554	1.51865	0
ebv-miR-BART6-5p	0	-1.91944	1.51881	0
ebv-miR-BART7	0	-1.65363	1.51917	0
ebv-miR-BART7*	0	-3.46655	1.51827	0
ebv-miR-BART8	0	4.0781	1.6427	1
ebv-miR-BART8*	0	-2.6066	1.51844	0
ebv-miR-BART9	0	-0.310644	1.52418	0
ebv-miR-BART9*	0	-0.77771	1.52166	0
ebv-miR-BHRF1-1	0	0.837155	1.53043	0
ebv-miR-BHRF1-2	0	-1.86338	1.51872	0
ebv-miR-BHRF1-2*	0	-0.727897	1.52119	0
ebv-miR-BHRF1-3	0	-1.13411	1.52133	0
hcmv-miR-UL112	0	-1.67786	1.52064	0
hcmv-miR-UL148D	0	0.745509	1.5226	0
hcmv-miR-UL22A	0	-2.77194	1.51825	0
hcmv-miR-UL22A*	0	-1.68069	1.51859	0
hcmv-miR-UL36	0	-1.96832	1.51902	0
hcmv-miR-UL36*	0	-1.57952	1.51887	0
hcmv-miR-UL70-3p	0	0.439752	2.15151	0
hcmv-miR-UL70-5p	0	-2.71529	1.51895	0
hcmv-miR-US25-1	0	-1.64752	1.52218	0
hcmv-miR-US25-1*	0	-0.209714	1.51986	0
hcmv-miR-US25-2-3p	0	-3.58247	1.51854	0
hcmv-miR-US25-2-5p	0	-0.402702	1.5197	0
hcmv-miR-US33-3p	0	-1.46532	1.51853	0
hcmv-miR-US33-5p	0	1.29796	1.54132	0
hcmv-miR-US4	0	-1.17302	1.52009	0
hcmv-miR-US5-1	0	-2.32059	1.51911	0
hcmv-miR-US5-2	0	-0.170003	1.52202	0
hiv1-miR-H1	0	-2.59655	2.14717	0
hiv1-miR-N367	0	-0.928174	1.5199	0
hsa-let-7a	0	29530.5	2307.85	1
hsa-let-7a*	0	1.00591	1.52372	0
hsa-let-7b	0	15114.2	1223.25	1
hsa-let-7b*	0	11.4246	1.65745	1
hsa-let-7c	0	1410.4	129.489	1
hsa-let-7c*	0	-1.88989	1.51938	0
hsa-let-7d	0	11437.4	963.065	1
hsa-let-7d*	0	145.302	12.6227	1
hsa-let-7e	0	5178.91	412.969	1
hsa-let-7e*	0	6.69057	1.64616	1
hsa-let-7f	0	23215.9	2047.46	1
hsa-let-7f-1*	0	5.27226	1.54663	0
hsa-let-7f-2*	0	-0.735378	1.51889	0
hsa-let-7g	0	16777.3	1415.79	1
hsa-let-7g*	0	-1.3297	1.51964	0
hsa-let-7i	0	23837.1	1801.01	1
hsa-let-7i*	0	0.680441	1.52461	0
hsa-miR-1	0	15.848	2.62364	1
hsa-miR-100	0	3.47832	2.1796	0
hsa-miR-100*	0	-1.68755	1.51891	0
hsa-miR-101	0	829.501	63.77	1
hsa-miR-101*	0	2.44366	1.77706	0
hsa-miR-103	0	33856.6	2888.39	1
hsa-miR-105	0	-1.72416	1.51868	0
hsa-miR-105*	0	-0.906814	1.51904	0
hsa-miR-106a	0	217.576	15.0951	1
hsa-miR-106a*	0	-0.589527	1.51964	0
hsa-miR-106b	0	8495.63	686.883	1
hsa-miR-106b*	0	5.06914	1.65327	1
hsa-miR-107	0	18335	1455.09	1
hsa-miR-10a	0	220.718	17.9177	1
hsa-miR-10a*	0	-0.797662	1.51922	0
hsa-miR-10b	0	5.77278	2.20075	0
hsa-miR-10b*	0	0.0884226	2.15657	0
hsa-miR-122	0	0.0687802	2.14925	0
hsa-miR-122*	0	0.228931	2.15044	0
hsa-miR-1224-3p	0	1.0912	1.52997	0
hsa-miR-1224-5p	0	1.7397	1.53057	0
hsa-miR-1225-3p	0	7.21856	1.56804	1
hsa-miR-1225-5p	0	52.9565	3.10069	1
hsa-miR-1226	0	1.97902	1.53822	0
hsa-miR-1226*	0	-1.71473	1.51856	0
hsa-miR-1227	0	19.8413	2.11037	1
hsa-miR-1228	0	35.8778	2.38672	1
hsa-miR-1228*	0	0.449066	1.52472	0
hsa-miR-1229	0	9.0736	1.61342	1
hsa-miR-1231	0	-3.44896	1.51824	0
hsa-miR-1233	0	-1.90272	1.51844	0
hsa-miR-1234	0	196.958	13.1112	1
hsa-miR-1236	0	-0.391271	1.52091	0
hsa-miR-1237	0	2.48651	1.52697	0
hsa-miR-1238	0	10.5429	1.61282	1
hsa-miR-124	0	-1.35909	1.76182	0
hsa-miR-124*	0	-1.90558	1.5209	0
hsa-miR-125a-3p	0	28.4274	2.50097	1
hsa-miR-125a-5p	0	4019.39	365.862	1
hsa-miR-125b	0	149.034	14.2512	1
hsa-miR-125b-1*	0	2.36343	1.54191	0
hsa-miR-125b-2*	0	-0.366907	2.14869	0
hsa-miR-126	0	19061.1	1566.19	1
hsa-miR-126*	0	400.949	34.5607	1
hsa-miR-127-3p	0	70.1447	6.24694	1
hsa-miR-127-5p	0	-0.829227	1.52065	0
hsa-miR-128	0	451.055	36.5685	1
hsa-miR-129*	0	2.52613	2.16055	0
hsa-miR-129-3p	0	2.82907	2.17095	0
hsa-miR-129-5p	0	0.198407	2.15351	0
hsa-miR-130a	0	13846.8	1036.07	1
hsa-miR-130a*	0	-0.786022	1.51996	0
hsa-miR-130b	0	2660.36	225.926	1
hsa-miR-130b*	0	15.5435	1.90182	1
hsa-miR-132	0	55.9928	4.97136	1
hsa-miR-132*	0	7.27491	2.23678	1
hsa-miR-133a	0	1.31405	2.15483	0
hsa-miR-133b	0	20.9763	2.93323	1
hsa-miR-134	0	18.9014	2.60532	1
hsa-miR-135a	0	1.95872	2.15722	0
hsa-miR-135a*	0	0.288027	1.52473	0
hsa-miR-135b	0	0.160822	2.15021	0
hsa-miR-135b*	0	-2.29226	1.51851	0
hsa-miR-136	0	136.884	11.006	1
hsa-miR-136*	0	14.0007	2.40063	1
hsa-miR-137	0	-2.153	2.14796	0
hsa-miR-138	0	-1.18794	2.14927	0
hsa-miR-138-1*	0	-3.02338	1.51908	0
hsa-miR-138-2*	0	-2.30545	1.51834	0
hsa-miR-139-3p	0	16.3233	2.48435	1
hsa-miR-139-5p	0	210.738	18.9546	1
hsa-miR-140-3p	0	1020.06	85.4232	1
hsa-miR-140-5p	0	2395.86	175.865	1
hsa-miR-141	0	81.0494	7.52767	1
hsa-miR-141*	0	-1.06778	1.51944	0
hsa-miR-142-3p	0	20671.4	1544.64	1
hsa-miR-142-5p	0	1835.13	129.816	1
hsa-miR-143	0	44.5644	4.869	1
hsa-miR-143*	0	1.87918	2.15915	0
hsa-miR-144	0	162.848	11.7624	1
hsa-miR-144*	0	51.361	5.2092	1
hsa-miR-145	0	163.847	14.7052	1
hsa-miR-145*	0	3.15978	2.17185	0
hsa-miR-146a	0	4998.17	436.169	1
hsa-miR-146a*	0	3.10264	1.55097	0
hsa-miR-146b-3p	0	-1.79153	1.51852	0
hsa-miR-146b-5p	0	422.155	38.0462	1
hsa-miR-147	0	-1.52026	2.14809	0
hsa-miR-147b	0	0.655769	1.55132	0
hsa-miR-148a	0	973.022	72.4977	1
hsa-miR-148a*	0	1.07688	1.54444	1
hsa-miR-148b	0	1202.49	109.955	1
hsa-miR-148b*	0	3.96308	1.5528	1
hsa-miR-149	0	2.62212	2.16189	0
hsa-miR-149*	0	-0.572013	1.51921	0
hsa-miR-150	0	1035.87	87.2346	1
hsa-miR-150*	0	1.83176	1.52463	0
hsa-miR-151-3p	0	3866.82	309.594	1
hsa-miR-151-5p	0	10067.8	889.739	1
hsa-miR-152	0	117.166	11.4256	1
hsa-miR-153	0	2.45187	2.16886	0
hsa-miR-154	0	47.5066	5.02869	1
hsa-miR-154*	0	23.5274	2.73193	1
hsa-miR-155	0	217.505	18.9344	1
hsa-miR-155*	0	-0.230143	1.52828	0
hsa-miR-15a	0	11378.2	844.941	1
hsa-miR-15a*	0	10.8637	1.82158	1
hsa-miR-15b	0	37581.4	2908.13	1
hsa-miR-15b*	0	13.3719	1.89055	1
hsa-miR-16	0	36418.5	3097.4	1
hsa-miR-16-1*	0	-0.804294	1.51958	0
hsa-miR-16-2*	0	62.5158	5.99247	1
hsa-miR-17	0	10184.7	845.909	1
hsa-miR-17*	0	364.426	32.6407	1
hsa-miR-181a	0	2314.05	191.469	1
hsa-miR-181a*	0	64.5993	5.21272	1
hsa-miR-181a-2*	0	67.1425	5.28525	1
hsa-miR-181b	0	112.989	8.89976	1
hsa-miR-181c	0	133.451	10.4904	1
hsa-miR-181c*	0	106.479	7.44112	1
hsa-miR-181d	0	437.039	32.501	1
hsa-miR-182	0	4.81896	1.58389	1
hsa-miR-182*	0	-1.42795	1.51894	0
hsa-miR-183	0	3.27492	1.53511	0
hsa-miR-183*	0	-2.26889	1.51824	0
hsa-miR-184	0	-1.17901	2.14758	0
hsa-miR-185	0	7457.38	609.033	1
hsa-miR-185*	0	0.16623	1.52203	0
hsa-miR-186	0	426.672	33.3706	1
hsa-miR-186*	0	3.82837	1.54604	0
hsa-miR-187	0	-1.80365	1.51935	0
hsa-miR-187*	0	-1.07884	1.52225	0
hsa-miR-188-3p	0	-0.0523499	1.52588	0
hsa-miR-188-5p	0	5.94755	2.208	0
hsa-miR-18a	0	1161.6	95.9951	1
hsa-miR-18a*	0	0.729811	1.54328	0
hsa-miR-18b	0	436.152	38.3899	1
hsa-miR-18b*	0	1.56426	1.52593	0
hsa-miR-190	0	0.861002	2.15186	0
hsa-miR-190b	0	2.05604	1.52708	0
hsa-miR-191	0	14.9613	1.87647	1
hsa-miR-191*	0	9.75574	1.59886	1
hsa-miR-192	0	127.643	10.6429	1
hsa-miR-192*	0	0.839025	2.15428	0
hsa-miR-193a-3p	0	-1.06233	2.15059	0
hsa-miR-193a-5p	0	2.71472	2.17582	0
hsa-miR-193b	0	-3.23089	2.14716	0
hsa-miR-193b*	0	-1.30476	1.52114	0
hsa-miR-194	0	84.1708	7.45465	1
hsa-miR-194*	0	0.532457	1.52262	0
hsa-miR-195	0	270.596	23.8647	1
hsa-miR-195*	0	-0.987347	1.5199	0
hsa-miR-196a	0	6.22471	2.20101	0
hsa-miR-196a*	0	-1.04595	1.51971	0
hsa-miR-196b	0	107.077	9.0901	1
hsa-miR-197	0	4097.21	314.653	1
hsa-miR-198	0	-1.4209	2.14892	0
hsa-miR-199a-5p	0	4643.24	424.53	1
hsa-miR-199b-3p	0	20190.3	1524.61	1
hsa-miR-199b-5p	0	30.5643	3.57953	1
hsa-miR-19a	0	3270.07	247.659	1
hsa-miR-19a*	0	0.365946	1.5226	0
hsa-miR-19b	0	12656.8	1155.42	1
hsa-miR-19b-1*	0	80.9571	7.86875	1
hsa-miR-19b-2*	0	0.357294	1.52697	0
hsa-miR-200a	0	10.0892	2.32516	1
hsa-miR-200a*	0	-1.71467	1.76011	0
hsa-miR-200b	0	67.4107	6.31431	1
hsa-miR-200b*	0	-2.28319	1.51913	0
hsa-miR-200c	0	191.459	18.475	1
hsa-miR-200c*	0	-2.54399	1.51826	0
hsa-miR-202	0	-0.553243	2.14789	0
hsa-miR-202*	0	1.2246	2.15556	0
hsa-miR-203	0	-0.860755	2.14962	0
hsa-miR-204	0	20.4166	2.79272	1
hsa-miR-205	0	-1.62713	2.14802	0
hsa-miR-206	0	0.485085	2.15112	0
hsa-miR-208a	0	-0.937468	2.14771	0
hsa-miR-208b	0	-2.22939	2.14945	0
hsa-miR-20a	0	21057.9	1597.27	1
hsa-miR-20a*	0	99.6973	9.05166	1
hsa-miR-20b	0	2098.55	179.193	1
hsa-miR-20b*	0	-0.919568	1.51911	0
hsa-miR-21	0	100512	7974.36	1
hsa-miR-21*	0	80.6462	7.398	1
hsa-miR-210	0	389.492	30.4757	1
hsa-miR-211	0	5.27527	2.19509	0
hsa-miR-212	0	4.39328	2.18605	0
hsa-miR-214	0	-1.78709	2.14833	0
hsa-miR-214*	0	-1.91142	2.14779	0
hsa-miR-215	0	22.7036	2.69037	1
hsa-miR-216a	0	-1.31834	1.51889	0
hsa-miR-216b	0	-2.453	1.51845	0
hsa-miR-217	0	-1.52215	1.52021	0
hsa-miR-218	0	-1.97496	2.15091	0
hsa-miR-218-1*	0	-3.37084	1.51844	0
hsa-miR-218-2*	0	-3.55477	1.51824	0
hsa-miR-219-1-3p	0	-1.25362	1.53752	0
hsa-miR-219-2-3p	0	-1.46705	2.14727	0
hsa-miR-219-5p	0	17.8858	2.55254	1
hsa-miR-22	0	37671.3	3322.42	1
hsa-miR-22*	0	139.907	12.3146	1
hsa-miR-220a	0	-1.13992	1.5192	0
hsa-miR-220b	0	-1.6474	1.51878	0
hsa-miR-220c	0	0.898666	1.53924	0
hsa-miR-221	0	3476.26	289.248	1
hsa-miR-221*	0	195.357	16.2999	1
hsa-miR-222	0	119.924	11.6214	1
hsa-miR-222*	0	-1.38467	1.52167	0
hsa-miR-223	0	99867.3	7697.14	1
hsa-miR-223*	0	124.287	9.77829	1
hsa-miR-224	0	110.415	8.79595	1
hsa-miR-23a	0	26739.8	2123.64	1
hsa-miR-23a*	0	11.6344	1.78311	1
hsa-miR-23b	0	3908.64	323.174	1
hsa-miR-23b*	0	9.42289	1.71167	1
hsa-miR-24	0	27676.5	2000.09	1
hsa-miR-24-1*	0	86.4984	7.34551	1
hsa-miR-24-2*	0	-1.25887	1.52327	0
hsa-miR-25	0	4747.07	430.287	1
hsa-miR-25*	0	-0.315193	1.52052	0
hsa-miR-26a	0	14758.9	1176.92	1
hsa-miR-26a-1*	0	15.3612	2.00628	1
hsa-miR-26a-2*	0	-0.0684245	1.52103	0
hsa-miR-26b	0	7629.05	561.17	1
hsa-miR-26b*	0	18.3602	2.07264	1
hsa-miR-27a	0	28998.1	2342.08	1
hsa-miR-27a*	0	-1.50809	1.51841	0
hsa-miR-27b	0	4821.83	382.985	1
hsa-miR-27b*	0	-1.24257	1.51956	0
hsa-miR-28-3p	0	-0.243886	1.52562	0
hsa-miR-28-5p	0	2549.2	192.431	1
hsa-miR-296-3p	0	-1.16365	1.52034	0
hsa-miR-296-5p	0	7.18835	2.23951	1
hsa-miR-297	0	-0.253585	1.52815	0
hsa-miR-298	0	-0.756842	1.52118	0
hsa-miR-299-3p	0	13.2015	2.36658	1
hsa-miR-299-5p	0	36.0705	3.76858	1
hsa-miR-29a	0	2393.96	201.672	1
hsa-miR-29a*	0	1.55859	1.52814	0
hsa-miR-29b	0	676.064	63.0327	1
hsa-miR-29b-1*	0	12.1553	1.70341	1
hsa-miR-29b-2*	0	0.111451	1.52016	0
hsa-miR-29c	0	2507.24	177.744	1
hsa-miR-29c*	0	105.752	9.39555	1
hsa-miR-300	0	-1.4638	1.52042	0
hsa-miR-301a	0	1623.34	141.774	1
hsa-miR-301b	0	173.888	14.4917	1
hsa-miR-302a	0	1.81407	2.15792	0
hsa-miR-302a*	0	-0.14785	1.5232	0
hsa-miR-302b	0	1.75643	1.53038	0
hsa-miR-302b*	0	-0.968725	1.51849	0
hsa-miR-302c	0	-0.154552	1.76214	0
hsa-miR-302c*	0	-0.94296	2.14797	0
hsa-miR-302d	0	1.03015	1.76896	0
hsa-miR-302d*	0	4.33941	1.55492	1
hsa-miR-30a	0	317.451	27.5519	1
hsa-miR-30a*	0	47.1796	4.122	1
hsa-miR-30b	0	3267.62	258.776	1
hsa-miR-30b*	0	47.0008	4.98668	1
hsa-miR-30c	0	1902.68	174.772	1
hsa-miR-30c-1*	0	17.109	2.15406	1
hsa-miR-30c-2*	0	1.21	2.16006	0
hsa-miR-30d	0	9139.3	657.808	1
hsa-miR-30d*	0	23.8433	2.23311	1
hsa-miR-30e	0	2937.96	250.826	1
hsa-miR-30e*	0	756.431	62.3	1
hsa-miR-31	0	0.362738	2.15544	0
hsa-miR-31*	0	-0.00017602	2.15065	0
hsa-miR-32	0	43.7758	3.11551	1
hsa-miR-32*	0	2.99852	1.53293	0
hsa-miR-320	0	2289.5	210.555	1
hsa-miR-323-3p	0	19.3848	2.6256	1
hsa-miR-323-5p	0	-1.13872	1.5192	0
hsa-miR-324-3p	0	1979.15	161.268	1
hsa-miR-324-5p	0	1627.99	126.656	1
hsa-miR-325	0	-1.34087	1.52085	0
hsa-miR-326	0	563.619	45.8498	1
hsa-miR-328	0	598.879	56.0017	1
hsa-miR-329	0	12.4489	2.39045	1
hsa-miR-330-3p	0	241.048	20.6236	1
hsa-miR-330-5p	0	-0.130711	1.52139	0
hsa-miR-331-3p	0	6200.38	491.301	1
hsa-miR-331-5p	0	0.284488	1.52738	0
hsa-miR-335	0	135.274	12.7154	1
hsa-miR-335*	0	8.64656	1.60418	1
hsa-miR-337-3p	0	15.6359	2.45293	1
hsa-miR-337-5p	0	55.4246	4.89399	1
hsa-miR-338-3p	0	665.792	59.5417	1
hsa-miR-338-5p	0	1.14363	1.5267	0
hsa-miR-339-3p	0	38.883	3.69416	1
hsa-miR-339-5p	0	6.18754	1.60299	1
hsa-miR-33a	0	249.353	22.0833	1
hsa-miR-33a*	0	-2.3135	1.51839	0
hsa-miR-33b	0	9.22446	1.6897	1
hsa-miR-33b*	0	3.66577	1.53512	0
hsa-miR-340	0	244.048	17.4017	1
hsa-miR-340*	0	589.65	53.1214	1
hsa-miR-342-3p	0	3589.69	314.073	1
hsa-miR-342-5p	0	95.857	9.015	1
hsa-miR-345	0	-0.833384	1.51955	0
hsa-miR-346	0	-1.37636	1.76029	0
hsa-miR-34a	0	384.072	31.4785	1
hsa-miR-34a*	0	0.115931	2.1508	0
hsa-miR-34b	0	5.63254	2.192	0
hsa-miR-34b*	0	6.0443	2.19782	0
hsa-miR-34c-3p	0	-3.73234	1.51827	0
hsa-miR-34c-5p	0	-0.149967	2.15145	0
hsa-miR-361-3p	0	114.654	10.6994	1
hsa-miR-361-5p	0	1586.36	137.503	1
hsa-miR-362-3p	0	12.5267	2.43507	1
hsa-miR-362-5p	0	186.445	16.3211	1
hsa-miR-363	0	539.451	39.7614	1
hsa-miR-363*	0	-1.69543	1.5196	0
hsa-miR-365	0	6.92374	2.21276	0
hsa-miR-367	0	0.253925	2.14977	0
hsa-miR-367*	0	-0.65702	1.51937	0
hsa-miR-369-3p	0	0.690389	2.15078	0
hsa-miR-369-5p	0	16.3519	2.58357	1
hsa-miR-370	0	21.0051	3.01366	1
hsa-miR-371-3p	0	-0.732074	2.14962	0
hsa-miR-371-5p	0	0.542388	1.52508	0
hsa-miR-372	0	0.0623249	2.14934	0
hsa-miR-373	0	6.64338	2.21313	0
hsa-miR-373*	0	-1.47499	2.15035	0
hsa-miR-374a	0	943.002	67.136	1
hsa-miR-374a*	0	-0.939995	1.51935	0
hsa-miR-374b	0	1674.98	118.547	1
hsa-miR-374b*	0	1.86315	1.53739	0
hsa-miR-375	0	-1.92055	2.14756	0
hsa-miR-376a	0	163.387	13.6103	1
hsa-miR-376a*	0	51.5092	4.97411	1
hsa-miR-376b	0	18.9396	2.77487	1
hsa-miR-376c	0	349.555	27.5622	1
hsa-miR-377	0	197.203	17.8118	1
hsa-miR-377*	0	8.14757	1.71907	1
hsa-miR-378	0	18.155	2.6818	1
hsa-miR-378*	0	19.6537	2.61064	1
hsa-miR-379	0	119.531	10.6226	1
hsa-miR-379*	0	-0.283258	1.51969	0
hsa-miR-380	0	-0.270242	2.14857	0
hsa-miR-380*	0	-0.376181	1.52463	0
hsa-miR-381	0	122.487	10.1599	1
hsa-miR-382	0	53.1454	5.31934	1
hsa-miR-383	0	2.30557	1.77784	0
hsa-miR-384	0	0.592412	3.04348	0
hsa-miR-409-3p	0	183.862	13.4724	1
hsa-miR-409-5p	0	34.3763	2.7741	1
hsa-miR-410	0	212.129	15.1867	1
hsa-miR-411	0	17.9689	2.58349	1
hsa-miR-411*	0	3.51379	1.5839	1
hsa-miR-412	0	0.939331	1.54276	0
hsa-miR-421	0	46.0686	4.67945	1
hsa-miR-422a	0	-0.719451	1.5533	0
hsa-miR-423-3p	0	67.7064	5.02261	1
hsa-miR-423-5p	0	557.764	51.0281	1
hsa-miR-424	0	92.9086	7.75107	1
hsa-miR-424*	0	-3.73961	2.14712	0
hsa-miR-425	0	3734.4	304.974	1
hsa-miR-425*	0	17.0028	2.53621	1
hsa-miR-429	0	2.8993	2.16612	0
hsa-miR-431	0	199.537	18.0038	1
hsa-miR-431*	0	-0.15426	1.52229	0
hsa-miR-432	0	189.285	14.992	1
hsa-miR-432*	0	-0.0437453	1.5235	0
hsa-miR-433	0	20.0539	2.90715	1
hsa-miR-448	0	-0.208144	1.51892	0
hsa-miR-449a	0	7.82616	2.24818	1
hsa-miR-449b	0	0.231829	1.76263	0
hsa-miR-450a	0	3.54284	2.17596	0
hsa-miR-450b-3p	0	-1.27832	1.51884	0
hsa-miR-450b-5p	0	-0.218685	1.53254	0
hsa-miR-451	0	16702.2	1212.78	1
hsa-miR-452	0	4.28513	2.17696	0
hsa-miR-452*	0	-1.19913	1.51934	0
hsa-miR-453	0	-0.892644	1.51942	0
hsa-miR-454	0	287.525	26.4513	1
hsa-miR-454*	0	25.739	2.43363	1
hsa-miR-455-3p	0	-1.48243	2.15024	0
hsa-miR-455-5p	0	-0.968989	2.14891	0
hsa-miR-483-3p	0	4.44474	2.189	0
hsa-miR-483-5p	0	2.19797	2.15797	0
hsa-miR-484	0	617.491	50.2045	1
hsa-miR-485-3p	0	110.044	10.0342	1
hsa-miR-485-5p	0	11.0656	1.99929	1
hsa-miR-486-3p	0	97.8808	8.30523	1
hsa-miR-486-5p	0	2798.56	211.582	1
hsa-miR-487a	0	17.9407	2.6764	1
hsa-miR-487b	0	196.358	16.8679	1
hsa-miR-488	0	-1.44914	2.14814	0
hsa-miR-488*	0	-1.41888	2.14776	0
hsa-miR-489	0	-0.755563	2.14866	0
hsa-miR-490-3p	0	2.11235	2.1583	0
hsa-miR-490-5p	0	0.468839	1.52745	0
hsa-miR-491-3p	0	-0.942003	1.52006	0
hsa-miR-491-5p	0	5.82773	1.63596	1
hsa-miR-492	0	-1.55424	2.14738	0
hsa-miR-493	0	-0.25314	1.52175	0
hsa-miR-493*	0	59.9757	5.79321	1
hsa-miR-494	0	14.2278	2.38072	1
hsa-miR-495	0	102.316	8.56924	1
hsa-miR-496	0	-1.51645	2.14802	0
hsa-miR-497	0	107.702	10.0233	1
hsa-miR-497*	0	-1.72551	1.51914	0
hsa-miR-498	0	1.03794	2.16088	0
hsa-miR-499-3p	0	-2.77224	1.51849	0
hsa-miR-499-5p	0	3.30018	2.16313	0
hsa-miR-500	0	0.511527	1.76539	0
hsa-miR-500*	0	70.4609	6.09806	1
hsa-miR-501-3p	0	20.8582	2.21296	1
hsa-miR-501-5p	0	5.88661	1.57139	1
hsa-miR-502-3p	0	48.1392	4.70847	1
hsa-miR-502-5p	0	18.5881	2.7555	1
hsa-miR-503	0	15.6791	2.11362	1
hsa-miR-504	0	-2.03603	1.51914	0
hsa-miR-505	0	240.688	20.7665	1
hsa-miR-505*	0	139.798	9.72987	1
hsa-miR-506	0	-2.20508	2.1472	0
hsa-miR-507	0	-0.628151	2.15007	0
hsa-miR-508-3p	0	-0.713396	2.14879	0
hsa-miR-508-5p	0	-1.64946	1.76126	0
hsa-miR-509-3-5p	0	-2.37517	2.14856	0
hsa-miR-509-3p	0	0.260775	2.15513	0
hsa-miR-509-5p	0	-2.57364	2.1486	0
hsa-miR-510	0	-1.38045	2.14917	0
hsa-miR-511	0	-1.30418	1.5186	0
hsa-miR-512-3p	0	-0.816425	2.14873	0
hsa-miR-512-5p	0	-0.943173	2.14869	0
hsa-miR-513a-3p	0	-1.71806	1.51948	0
hsa-miR-513a-5p	0	0.121057	2.14938	0
hsa-miR-513b	0	0.477277	1.52774	0
hsa-miR-513c	0	1.66281	1.52768	0
hsa-miR-514	0	-0.102397	2.15072	0
hsa-miR-515-3p	0	0.183046	2.14925	0
hsa-miR-515-5p	0	-1.77854	1.76056	0
hsa-miR-516a-3p	0	-1.82205	1.76068	0
hsa-miR-516a-5p	0	-1.09009	2.14765	0
hsa-miR-516b	0	-1.06343	2.14995	0
hsa-miR-517*	0	0.0779749	2.14931	0
hsa-miR-517a	0	0.189542	2.15232	0
hsa-miR-517b	0	-0.15537	2.15046	0
hsa-miR-517c	0	0.088173	2.14842	0
hsa-miR-518a-3p	0	-0.492076	2.14819	0
hsa-miR-518b	0	-0.396067	2.1511	0
hsa-miR-518c	0	1.10692	2.15327	0
hsa-miR-518c*	0	-0.769951	2.14843	0
hsa-miR-518d-3p	0	-2.20076	2.14716	0
hsa-miR-518d-5p	0	-0.287719	2.14798	0
hsa-miR-518e	0	-1.23537	2.14774	0
hsa-miR-518e*	0	-0.947381	1.76132	0
hsa-miR-518f	0	-1.1601	2.14945	0
hsa-miR-518f*	0	-2.23443	2.14726	0
hsa-miR-519a	0	-0.158887	2.14828	0
hsa-miR-519b-3p	0	0.169975	2.14922	0
hsa-miR-519c-3p	0	1.26671	2.15257	0
hsa-miR-519d	0	0.458661	2.15371	0
hsa-miR-519e	0	0.958815	2.15419	0
hsa-miR-519e*	0	-1.88502	2.14761	0
hsa-miR-520a-3p	0	-0.882601	2.14879	0
hsa-miR-520a-5p	0	-2.22679	2.14714	0
hsa-miR-520b	0	1.08607	2.15867	0
hsa-miR-520c-3p	0	-1.89538	2.14734	0
hsa-miR-520d-3p	0	9.05146	2.26611	1
hsa-miR-520d-5p	0	-1.53494	2.14713	0
hsa-miR-520e	0	0.629654	1.7669	0
hsa-miR-520f	0	-0.760832	2.15054	0
hsa-miR-520g	0	-0.0772765	2.15119	0
hsa-miR-520h	0	-1.0204	1.76154	0
hsa-miR-521	0	0.1277	2.15425	0
hsa-miR-522	0	-0.67205	2.14891	0
hsa-miR-523	0	-1.88233	2.14733	0
hsa-miR-524-3p	0	0.0233397	2.14842	0
hsa-miR-524-5p	0	-0.839756	2.14967	0
hsa-miR-525-3p	0	-1.46543	1.52084	0
hsa-miR-525-5p	0	-0.433998	1.76576	0
hsa-miR-526b	0	-1.93389	2.14827	0
hsa-miR-526b*	0	-2.73291	2.14712	0
hsa-miR-527	0	-0.073521	1.76177	0
hsa-miR-532-3p	0	66.4258	6.38314	1
hsa-miR-532-5p	0	116.697	10.3512	1
hsa-miR-539	0	27.2645	2.85293	1
hsa-miR-541	0	-2.50108	1.51833	0
hsa-miR-541*	0	-1.11234	1.52033	0
hsa-miR-542-3p	0	3.62176	1.78961	0
hsa-miR-542-5p	0	9.79911	2.2847	1
hsa-miR-543	0	54.1651	4.86084	1
hsa-miR-544	0	-1.83613	1.51954	0
hsa-miR-545	0	36.0572	2.89196	1
hsa-miR-545*	0	1.57235	1.58793	0
hsa-miR-548a-3p	0	0.161414	1.52189	0
hsa-miR-548a-5p	0	6.56698	1.58175	1
hsa-miR-548b-3p	0	1.3457	1.52463	0
hsa-miR-548b-5p	0	1.36576	1.52264	0
hsa-miR-548c-3p	0	0.244841	1.52129	0
hsa-miR-548c-5p	0	62.2176	4.23377	1
hsa-miR-548d-3p	0	-2.57736	1.51824	0
hsa-miR-548d-5p	0	7.25833	1.58291	1
hsa-miR-549	0	0.335873	1.5306	0
hsa-miR-550	0	1.67733	1.52515	0
hsa-miR-550*	0	90.4949	5.6732	1
hsa-miR-551a	0	-1.818	1.51922	0
hsa-miR-551b	0	495.15	37.8872	1
hsa-miR-551b*	0	-1.64331	1.52235	0
hsa-miR-552	0	1.66634	1.52797	0
hsa-miR-553	0	2.72248	1.54813	0
hsa-miR-554	0	-0.945816	1.51894	0
hsa-miR-555	0	-2.10586	1.5199	0
hsa-miR-556-3p	0	-1.5686	1.51934	0
hsa-miR-556-5p	0	-1.64085	1.51878	0
hsa-miR-557	0	6.84112	2.20698	0
hsa-miR-558	0	-2.08533	1.51854	0
hsa-miR-559	0	-1.77889	1.51861	0
hsa-miR-561	0	-0.784023	1.51898	0
hsa-miR-562	0	-0.0202138	1.52058	0
hsa-miR-563	0	-0.291776	1.52198	0
hsa-miR-564	0	-0.5575	1.76366	0
hsa-miR-566	0	-1.65751	1.51842	0
hsa-miR-567	0	-0.735866	1.52074	0
hsa-miR-568	0	-0.784984	2.14821	0
hsa-miR-569	0	-1.89867	1.52186	0
hsa-miR-570	0	-0.418395	1.52259	0
hsa-miR-571	0	-0.743626	2.14791	0
hsa-miR-572	0	0.247923	2.15907	0
hsa-miR-573	0	0.448279	1.52118	0
hsa-miR-574-3p	0	1870.01	135.715	1
hsa-miR-574-5p	0	220.255	16.828	1
hsa-miR-575	0	3.43183	2.17157	0
hsa-miR-576-3p	0	2.71156	1.54968	1
hsa-miR-576-5p	0	-0.473773	1.51961	0
hsa-miR-577	0	-0.2837	2.14902	0
hsa-miR-578	0	-1.45224	1.51914	0
hsa-miR-579	0	3.00097	1.57215	0
hsa-miR-580	0	-0.0666193	1.5204	0
hsa-miR-581	0	-1.25491	1.51981	0
hsa-miR-582-3p	0	-1.50039	1.5204	0
hsa-miR-582-5p	0	6.27694	2.19831	0
hsa-miR-583	0	-0.633408	1.76172	0
hsa-miR-584	0	640.42	56.9602	1
hsa-miR-585	0	-2.41385	1.76096	0
hsa-miR-586	0	1.12211	1.52375	0
hsa-miR-587	0	-1.58387	1.51837	0
hsa-miR-588	0	-1.47852	1.52111	0
hsa-miR-589	0	2.71666	1.55167	1
hsa-miR-589*	0	1.16639	1.53783	0
hsa-miR-590-3p	0	0.0607355	1.52024	0
hsa-miR-590-5p	0	1072.12	93.1869	1
hsa-miR-591	0	-1.53765	1.51884	0
hsa-miR-592	0	-0.166243	2.15313	0
hsa-miR-593	0	1.88208	1.5311	0
hsa-miR-593*	0	-0.921153	1.52203	0
hsa-miR-595	0	6.05214	1.81903	1
hsa-miR-596	0	-2.99396	1.51838	0
hsa-miR-597	0	-1.08231	1.52014	0
hsa-miR-598	0	66.5442	6.61088	1
hsa-miR-599	0	-0.570714	1.51971	0
hsa-miR-600	0	-2.90634	1.51826	0
hsa-miR-601	0	2.00349	1.5308	0
hsa-miR-602	0	0.00656391	1.76514	0
hsa-miR-603	0	-0.607034	1.51983	0
hsa-miR-604	0	-1.70703	1.7622	0
hsa-miR-605	0	-0.0428705	2.15335	0
hsa-miR-606	0	0.0130691	1.53216	0
hsa-miR-607	0	-1.05355	1.51911	0
hsa-miR-608	0	-0.580904	2.15201	0
hsa-miR-609	0	-0.407146	1.62488	0
hsa-miR-610	0	1.01288	1.52734	0
hsa-miR-611	0	-1.22804	1.76362	0
hsa-miR-612	0	-0.404823	1.52109	0
hsa-miR-613	0	1.78295	1.57407	0
hsa-miR-614	0	-1.57283	1.76512	0
hsa-miR-615-3p	0	-0.72187	1.52264	0
hsa-miR-615-5p	0	-2.55208	1.51831	0
hsa-miR-616	0	-1.17418	1.51892	0
hsa-miR-616*	0	-1.65062	1.51942	0
hsa-miR-617	0	-0.905049	1.76227	0
hsa-miR-618	0	0.128469	1.52177	0
hsa-miR-619	0	-0.918982	1.52137	0
hsa-miR-620	0	-0.218345	3.0422	0
hsa-miR-621	0	-0.254198	1.53076	0
hsa-miR-622	0	-1.37671	1.76039	0
hsa-miR-623	0	40.8749	2.64117	1
hsa-miR-624	0	1.41014	1.53057	0
hsa-miR-624*	0	21.2708	2.27794	1
hsa-miR-625	0	873.043	80.9065	1
hsa-miR-625*	0	7.57295	1.58307	1
hsa-miR-626	0	-1.35728	1.5198	0
hsa-miR-627	0	69.8707	4.22977	1
hsa-miR-628-3p	0	21.0018	2.18075	1
hsa-miR-628-5p	0	136.187	9.26075	1
hsa-miR-629	0	18.1922	2.14371	1
hsa-miR-629*	0	15.3156	1.96967	1
hsa-miR-630	0	0.663677	2.15522	0
hsa-miR-631	0	-0.417456	2.15358	0
hsa-miR-632	0	0.398008	1.76546	0
hsa-miR-633	0	-1.15234	1.5188	0
hsa-miR-634	0	2.50741	1.53431	0
hsa-miR-635	0	-1.41461	1.51889	0
hsa-miR-636	0	1.17019	1.52362	0
hsa-miR-637	0	-1.53435	1.51952	0
hsa-miR-638	0	65.462	5.38367	1
hsa-miR-639	0	-0.925047	1.51901	0
hsa-miR-640	0	-0.406958	1.76839	0
hsa-miR-641	0	9.68647	1.666	1
hsa-miR-642	0	-1.89068	1.51834	0
hsa-miR-643	0	2.68394	1.53637	0
hsa-miR-644	0	1.09307	1.54144	0
hsa-miR-645	0	2.3514	1.54921	0
hsa-miR-646	0	-2.45204	1.51827	0
hsa-miR-647	0	-0.683936	1.51988	0
hsa-miR-648	0	-1.5477	1.76214	0
hsa-miR-649	0	0.374436	1.52548	0
hsa-miR-650	0	-1.92327	1.76019	0
hsa-miR-651	0	0.94085	1.53084	0
hsa-miR-652	0	1121.26	105.953	1
hsa-miR-653	0	-0.808714	1.52002	0
hsa-miR-654-3p	0	152.474	13.8145	1
hsa-miR-654-5p	0	23.4276	1.94768	1
hsa-miR-655	0	-0.426952	1.5201	0
hsa-miR-656	0	0.783569	2.1552	0
hsa-miR-657	0	-0.439476	1.52984	0
hsa-miR-658	0	0.717322	1.52194	0
hsa-miR-659	0	-0.0413882	2.14936	0
hsa-miR-660	0	120.822	11.1093	1
hsa-miR-661	0	-1.22472	1.52218	0
hsa-miR-662	0	-1.08347	1.52078	0
hsa-miR-663	0	-1.26368	2.14716	0
hsa-miR-665	0	0.559978	1.52356	0
hsa-miR-668	0	5.11129	1.55421	1
hsa-miR-671-3p	0	-0.712561	1.52137	0
hsa-miR-671-5p	0	6.23483	2.20077	0
hsa-miR-675	0	-1.88255	1.5185	0
hsa-miR-7	0	59.2582	5.7439	1
hsa-miR-7-1*	0	75.0878	6.50147	1
hsa-miR-7-2*	0	-0.221028	1.52153	0
hsa-miR-708	0	-1.47092	1.51916	0
hsa-miR-708*	0	0.17899	1.52275	0
hsa-miR-744	0	388.936	28.482	1
hsa-miR-744*	0	41.9209	2.95492	1
hsa-miR-758	0	85.0824	5.69975	1
hsa-miR-760	0	0.560712	1.52773	0
hsa-miR-765	0	2.46034	2.15899	0
hsa-miR-766	0	1083.72	57.8943	1
hsa-miR-767-3p	0	0.623536	1.52215	0
hsa-miR-767-5p	0	-0.192899	1.52095	0
hsa-miR-768-3p	0	55.7621	5.07831	1
hsa-miR-768-5p	0	209.182	18.9995	1
hsa-miR-769-3p	0	7.96064	1.60302	1
hsa-miR-769-5p	0	166.106	13.4632	1
hsa-miR-770-5p	0	1.47777	1.52419	0
hsa-miR-801	0	-3.35747	2.14718	0
hsa-miR-802	0	1.52976	1.55593	0
hsa-miR-873	0	0.616528	1.5228	0
hsa-miR-874	0	41.0795	4.34692	1
hsa-miR-875-3p	0	-0.671465	1.51962	0
hsa-miR-875-5p	0	-0.382981	1.52292	0
hsa-miR-876-3p	0	0.740203	1.52177	0
hsa-miR-876-5p	0	0.412046	1.53264	0
hsa-miR-877	0	2.12941	1.55028	1
hsa-miR-877*	0	7.97447	1.60463	1
hsa-miR-885-3p	0	0.538159	1.5238	0
hsa-miR-885-5p	0	12.5095	2.33247	1
hsa-miR-886-3p	0	36.2094	3.15662	1
hsa-miR-886-5p	0	-1.54736	1.52025	0
hsa-miR-887	0	-0.993315	1.51856	0
hsa-miR-888	0	-0.970014	2.15001	0
hsa-miR-888*	0	-0.0756587	1.52294	0
hsa-miR-889	0	4.31637	1.55272	1
hsa-miR-890	0	-1.94153	1.51895	0
hsa-miR-891a	0	-2.3331	2.14722	0
hsa-miR-891b	0	-0.899659	2.14781	0
hsa-miR-892a	0	0.149683	1.52166	0
hsa-miR-892b	0	-0.556872	1.5203	0
hsa-miR-9	0	4.38201	2.18466	0
hsa-miR-9*	0	9.72437	2.28793	1
hsa-miR-920	0	-2.54412	1.51826	0
hsa-miR-921	0	-2.3587	1.51845	0
hsa-miR-922	0	-1.43855	1.51838	0
hsa-miR-923	0	557.222	49.3128	1
hsa-miR-924	0	-0.869109	1.51899	0
hsa-miR-92a	0	8429.75	667.627	1
hsa-miR-92a-1*	0	7.07091	1.59528	1
hsa-miR-92a-2*	0	0.409774	1.52824	0
hsa-miR-92b	0	0.709005	1.52593	0
hsa-miR-92b*	0	-2.57167	1.51951	0
hsa-miR-93	0	3520.85	327.03	1
hsa-miR-93*	0	5.17536	1.65227	1
hsa-miR-933	0	2.1695	1.53353	0
hsa-miR-934	0	-1.26685	1.51921	0
hsa-miR-935	0	-0.908819	1.52792	0
hsa-miR-936	0	-0.992946	2.15147	0
hsa-miR-937	0	0.527129	1.52233	0
hsa-miR-938	0	-3.41415	1.51853	0
hsa-miR-939	0	26.9592	2.89927	1
hsa-miR-940	0	79.4774	6.26965	1
hsa-miR-941	0	-1.63143	1.51862	0
hsa-miR-942	0	2.61441	1.5427	0
hsa-miR-943	0	-2.55751	1.51892	0
hsa-miR-944	0	0.59907	1.52627	0
hsa-miR-95	0	-1.45627	2.14762	0
hsa-miR-96	0	4.12804	2.17781	0
hsa-miR-96*	0	-1.60328	1.5193	0
hsa-miR-98	0	1058.45	96.1111	1
hsa-miR-99a	0	154.016	14.0748	1
hsa-miR-99a*	0	-1.08437	1.52106	0
hsa-miR-99b	0	733.291	56.5592	1
hsa-miR-99b*	0	-0.892738	1.51928	0
hsv1-miR-H1	0	-0.943778	1.52067	0
hsv1-miR-LAT	0	5.99134	1.56014	1
hur_1	1	2143.05	108.819	1
hur_2	1	5656.41	285.529	1
hur_4	1	1079.21	58.7236	1
hur_5	1	-1.59219	1.90223	0
hur_6	1	566.958	35.9899	1
kshv-miR-K12-1	0	-2.55355	1.51826	0
kshv-miR-K12-10a	0	-1.36769	1.51919	0
kshv-miR-K12-11	0	-1.37529	1.51903	0
kshv-miR-K12-12	0	3.5203	1.53977	0
kshv-miR-K12-2	0	-1.31133	1.51858	0
kshv-miR-K12-3	0	8.63498	2.28421	1
kshv-miR-K12-3*	0	-0.280816	1.54431	0
kshv-miR-K12-4-3p	0	-2.12018	1.51832	0
kshv-miR-K12-4-5p	0	-2.33912	1.5183	0
kshv-miR-K12-5	0	-1.58713	1.51884	0
kshv-miR-K12-6-3p	0	-2.42396	1.51826	0
kshv-miR-K12-6-5p	0	-1.37721	1.5188	0
kshv-miR-K12-7	0	-1.47326	1.51887	0
kshv-miR-K12-8	0	-0.392453	1.52175	0
kshv-miR-K12-9	0	-3.82306	1.51824	0
kshv-miR-K12-9*	0	-0.775824	1.51987	0
miRNABrightCorner30	1	13077.7	1312.6	1
mr_1	1	291.848	15.5312	1
