SystematicName	ControlType	gTotalGeneSignal	gTotalGeneError	gIsGeneDetected
DarkCorner	1	0.475047	5.58277	0
NC1_00000197	-1	10.3592	13.7917	0
NC1_00000215	-1	8.1394	13.7597	0
NC2_00079215	-1	-0.237604	13.7101	0
NC2_00092197	-1	4.95941	13.7255	0
NC2_00106057	-1	9.70485	13.7596	0
NC2_00122731	-1	0.800204	13.7138	0
NegativeControl	-1	-15.7557	61.6323	0
SCorner3	1	1.52618	1.09021	0
dmr_285	1	-1.98398	3.02694	0
dmr_3	1	-1.59957	3.02656	0
dmr_308	1	-0.284827	3.02944	0
dmr_316	1	1.14168	3.03017	0
dmr_31a	1	-1.87225	3.02416	0
dmr_6	1	3.47996	3.04347	0
ebv-miR-BART1-3p	0	1.60613	1.71649	0
ebv-miR-BART1-5p	0	-0.532132	1.71147	0
ebv-miR-BART10	0	-1.2213	1.71154	0
ebv-miR-BART10*	0	1.66334	1.71513	0
ebv-miR-BART11-3p	0	-0.710526	1.71282	0
ebv-miR-BART11-5p	0	0.26617	1.71508	0
ebv-miR-BART12	0	1040.85	53.1554	1
ebv-miR-BART13	0	3.33938	2.44521	0
ebv-miR-BART13*	0	-1.67806	1.71164	0
ebv-miR-BART14	0	-2.11232	1.71056	0
ebv-miR-BART14*	0	-1.16756	1.71169	0
ebv-miR-BART15	0	2.98612	1.72326	0
ebv-miR-BART16	0	7.03053	1.76974	1
ebv-miR-BART17-3p	0	2.62694	1.72561	0
ebv-miR-BART17-5p	0	-4.18725	1.71043	0
ebv-miR-BART18-3p	0	-0.771008	1.71216	0
ebv-miR-BART18-5p	0	1.05324	1.71939	0
ebv-miR-BART19-3p	0	-0.772043	1.71207	0
ebv-miR-BART19-5p	0	-2.37356	1.71075	0
ebv-miR-BART2-3p	0	-3.15314	1.71525	0
ebv-miR-BART2-5p	0	0.122309	1.71331	0
ebv-miR-BART20-3p	0	-2.47917	1.71137	0
ebv-miR-BART20-5p	0	-0.139455	1.71209	0
ebv-miR-BART3	0	-1.952	1.71106	0
ebv-miR-BART3*	0	0.606547	1.71682	0
ebv-miR-BART4	0	0.817884	1.61669	0
ebv-miR-BART5	0	-1.6221	1.71078	0
ebv-miR-BART6-3p	0	-1.15149	1.71434	0
ebv-miR-BART6-5p	0	-1.53233	1.71078	0
ebv-miR-BART7	0	-0.963306	1.71237	0
ebv-miR-BART7*	0	-0.590109	1.7165	0
ebv-miR-BART8	0	0.0946199	1.73693	0
ebv-miR-BART8*	0	-2.47482	1.71046	0
ebv-miR-BART9	0	0.0487765	1.71221	0
ebv-miR-BART9*	0	-0.745117	1.71282	0
ebv-miR-BHRF1-1	0	2.16742	1.72862	0
ebv-miR-BHRF1-2	0	-3.36587	1.71214	0
ebv-miR-BHRF1-2*	0	-3.10048	1.7106	0
ebv-miR-BHRF1-3	0	-3.96874	1.71065	0
hcmv-miR-UL112	0	-1.45762	1.71643	0
hcmv-miR-UL148D	0	3.65577	1.72941	0
hcmv-miR-UL22A	0	-1.76198	1.71058	0
hcmv-miR-UL22A*	0	-2.00398	1.71105	0
hcmv-miR-UL36	0	-2.99391	1.71047	0
hcmv-miR-UL36*	0	-0.728758	1.71413	0
hcmv-miR-UL70-3p	0	-1.20471	2.4208	0
hcmv-miR-UL70-5p	0	-2.60459	1.71067	0
hcmv-miR-US25-1	0	-2.18368	1.71057	0
hcmv-miR-US25-1*	0	-1.68394	1.71102	0
hcmv-miR-US25-2-3p	0	-3.78288	1.71068	0
hcmv-miR-US25-2-5p	0	-2.56041	1.71037	0
hcmv-miR-US33-3p	0	-0.133433	1.72033	0
hcmv-miR-US33-5p	0	-0.141955	1.71252	0
hcmv-miR-US4	0	-1.02322	1.71253	0
hcmv-miR-US5-1	0	-2.92128	1.71096	0
hcmv-miR-US5-2	0	-0.189367	1.71482	0
hiv1-miR-H1	0	-1.4705	2.42139	0
hiv1-miR-N367	0	-0.679347	1.71259	0
hsa-let-7a	0	38484.4	2960.69	1
hsa-let-7a*	0	2.46036	1.72966	0
hsa-let-7b	0	16313.3	1303.27	1
hsa-let-7b*	0	8.40479	1.76747	0
hsa-let-7c	0	1784.06	164.826	1
hsa-let-7c*	0	-0.731508	1.71117	0
hsa-let-7d	0	16068.3	1334.49	1
hsa-let-7d*	0	354.272	29.3031	1
hsa-let-7e	0	2454.25	195.807	1
hsa-let-7e*	0	4.08789	1.73962	1
hsa-let-7f	0	33418.3	2902.44	1
hsa-let-7f-1*	0	4.76552	1.73306	0
hsa-let-7f-2*	0	1.5529	1.71711	0
hsa-let-7g	0	21058.4	1739.07	1
hsa-let-7g*	0	3.90276	1.73338	0
hsa-let-7i	0	28105.4	2085.3	1
hsa-let-7i*	0	4.07792	1.74155	1
hsa-miR-1	0	307.146	28.6899	1
hsa-miR-100	0	28.0818	3.43767	1
hsa-miR-100*	0	0.471291	1.71619	0
hsa-miR-101	0	3985.34	304.297	1
hsa-miR-101*	0	3.91564	2.01638	0
hsa-miR-103	0	43805.9	3689.17	1
hsa-miR-105	0	-0.273416	1.71593	0
hsa-miR-105*	0	-1.68288	1.71109	0
hsa-miR-106a	0	324.027	22.2944	1
hsa-miR-106a*	0	5.43094	1.75928	1
hsa-miR-106b	0	16659.1	1322.28	1
hsa-miR-106b*	0	6.63613	1.88955	1
hsa-miR-107	0	24684.5	1958.55	1
hsa-miR-10a	0	318.033	25.7759	1
hsa-miR-10a*	0	-0.684506	1.71159	0
hsa-miR-10b	0	8.8375	2.5369	1
hsa-miR-10b*	0	-3.30554	2.41888	0
hsa-miR-122	0	-1.05466	2.42108	0
hsa-miR-122*	0	-0.451143	2.42074	0
hsa-miR-1224-3p	0	0.273349	1.71558	0
hsa-miR-1224-5p	0	4.80209	1.7443	0
hsa-miR-1225-3p	0	6.35688	1.74589	0
hsa-miR-1225-5p	0	59.5993	3.51522	1
hsa-miR-1226	0	7.20015	1.79844	1
hsa-miR-1226*	0	1.5004	1.71749	0
hsa-miR-1227	0	14.8823	2.00405	1
hsa-miR-1228	0	19.2847	1.98089	1
hsa-miR-1228*	0	0.16978	1.71499	0
hsa-miR-1229	0	3.59091	1.72999	0
hsa-miR-1231	0	-2.07916	1.73905	0
hsa-miR-1233	0	-1.45203	1.71098	0
hsa-miR-1234	0	68.4256	4.50805	1
hsa-miR-1236	0	5.11868	1.75824	1
hsa-miR-1237	0	3.52147	1.72477	0
hsa-miR-1238	0	8.43471	1.77063	0
hsa-miR-124	0	2.5391	2.00184	0
hsa-miR-124*	0	-2.44464	1.71106	0
hsa-miR-125a-3p	0	13.97	2.18615	1
hsa-miR-125a-5p	0	1510.09	137.052	1
hsa-miR-125b	0	129.333	12.3684	1
hsa-miR-125b-1*	0	0.0584556	1.72488	0
hsa-miR-125b-2*	0	-0.236522	2.42519	0
hsa-miR-126	0	39229.8	3160.29	1
hsa-miR-126*	0	1022.79	88.1391	1
hsa-miR-127-3p	0	90.4721	7.85457	1
hsa-miR-127-5p	0	-2.62799	1.71046	0
hsa-miR-128	0	777.915	62.358	1
hsa-miR-129*	0	1.34689	2.4294	0
hsa-miR-129-3p	0	5.39997	2.45926	0
hsa-miR-129-5p	0	-0.178772	2.42178	0
hsa-miR-130a	0	26807.7	1970.73	1
hsa-miR-130a*	0	0.00228268	1.7166	0
hsa-miR-130b	0	2849.24	240.759	1
hsa-miR-130b*	0	20.8534	2.27151	1
hsa-miR-132	0	83.0855	6.98268	1
hsa-miR-132*	0	10.8965	2.62163	1
hsa-miR-133a	0	15.7012	2.73318	1
hsa-miR-133b	0	250.928	22.4538	1
hsa-miR-134	0	21.177	2.9428	1
hsa-miR-135a	0	2.77218	2.43103	0
hsa-miR-135a*	0	-1.04239	1.7134	0
hsa-miR-135b	0	1.45592	2.42679	0
hsa-miR-135b*	0	-5.43016	1.71037	0
hsa-miR-136	0	914.536	73.3613	1
hsa-miR-136*	0	47.5698	4.41818	1
hsa-miR-137	0	-1.26578	2.4201	0
hsa-miR-138	0	-1.83021	2.41982	0
hsa-miR-138-1*	0	-3.31596	1.71046	0
hsa-miR-138-2*	0	-1.58569	1.71319	0
hsa-miR-139-3p	0	65.8808	5.49837	1
hsa-miR-139-5p	0	1027.34	90.8609	1
hsa-miR-140-3p	0	1821.2	152.347	1
hsa-miR-140-5p	0	5483.76	396.945	1
hsa-miR-141	0	203.862	18.3262	1
hsa-miR-141*	0	-0.359431	1.71363	0
hsa-miR-142-3p	0	79713.6	5827.2	1
hsa-miR-142-5p	0	5632.83	398.512	1
hsa-miR-143	0	74.5405	7.67114	1
hsa-miR-143*	0	3.36151	2.44059	0
hsa-miR-144	0	584.01	41.5727	1
hsa-miR-144*	0	72.7102	7.27187	1
hsa-miR-145	0	277.144	24.591	1
hsa-miR-145*	0	6.53793	2.49644	1
hsa-miR-146a	0	7755.32	673.436	1
hsa-miR-146a*	0	0.677987	1.71372	0
hsa-miR-146b-3p	0	-1.30586	1.71284	0
hsa-miR-146b-5p	0	819.753	73.2329	1
hsa-miR-147	0	-0.844204	2.4225	0
hsa-miR-147b	0	-1.27106	1.71912	0
hsa-miR-148a	0	2598.54	192.526	1
hsa-miR-148a*	0	4.62871	1.79383	1
hsa-miR-148b	0	2235.26	203.701	1
hsa-miR-148b*	0	7.84481	1.84519	1
hsa-miR-149	0	6.84837	2.47457	0
hsa-miR-149*	0	-1.2806	1.71336	0
hsa-miR-150	0	2256.98	185.963	1
hsa-miR-150*	0	4.42817	1.7701	0
hsa-miR-151-3p	0	4221.1	335.352	1
hsa-miR-151-5p	0	12805.4	1123.34	1
hsa-miR-152	0	197.651	19.1956	1
hsa-miR-153	0	21.5495	3.24595	1
hsa-miR-154	0	69.4698	6.73682	1
hsa-miR-154*	0	47.4458	4.16142	1
hsa-miR-155	0	228.604	19.975	1
hsa-miR-155*	0	-2.23524	1.71154	0
hsa-miR-15a	0	31564.2	2329.32	1
hsa-miR-15a*	0	36.1236	3.58353	1
hsa-miR-15b	0	59888.4	4546.34	1
hsa-miR-15b*	0	26.2377	2.78329	1
hsa-miR-16	0	60607.1	5004.68	1
hsa-miR-16-1*	0	-0.286705	1.71251	0
hsa-miR-16-2*	0	98.2749	9.1056	1
hsa-miR-17	0	14488.1	1181.27	1
hsa-miR-17*	0	1529.47	127.532	1
hsa-miR-181a	0	2548.07	209.23	1
hsa-miR-181a*	0	85.9304	6.85276	1
hsa-miR-181a-2*	0	92.589	6.84633	1
hsa-miR-181b	0	174.708	13.3321	1
hsa-miR-181c	0	288.472	22.1519	1
hsa-miR-181c*	0	208.814	14.1492	1
hsa-miR-181d	0	409.066	31.6438	1
hsa-miR-182	0	4.41982	1.79906	1
hsa-miR-182*	0	0.228777	1.71285	0
hsa-miR-183	0	2.50961	1.72923	0
hsa-miR-183*	0	-2.87525	1.71064	0
hsa-miR-184	0	-0.0298016	2.42052	0
hsa-miR-185	0	12116.6	982.187	1
hsa-miR-185*	0	0.323568	1.71798	0
hsa-miR-186	0	642.181	49.153	1
hsa-miR-186*	0	18.3532	2.08559	1
hsa-miR-187	0	-2.39307	1.7114	0
hsa-miR-187*	0	-4.25855	1.71037	0
hsa-miR-188-3p	0	1.34889	1.73036	0
hsa-miR-188-5p	0	12.6971	2.59589	1
hsa-miR-18a	0	2504.93	206.396	1
hsa-miR-18a*	0	2.07998	1.72797	0
hsa-miR-18b	0	958.537	83.2757	1
hsa-miR-18b*	0	1.91042	1.71991	0
hsa-miR-190	0	2.30275	2.43444	0
hsa-miR-190b	0	-1.06688	1.71433	0
hsa-miR-191	0	21.8968	2.40394	1
hsa-miR-191*	0	9.0582	1.78	1
hsa-miR-192	0	305.793	24.8818	1
hsa-miR-192*	0	1.33175	2.42845	0
hsa-miR-193a-3p	0	12.5468	2.67974	1
hsa-miR-193a-5p	0	-1.47382	2.42027	0
hsa-miR-193b	0	1.2416	2.42855	0
hsa-miR-193b*	0	-2.69275	1.71061	0
hsa-miR-194	0	137.686	11.5953	1
hsa-miR-194*	0	0.745227	1.72085	0
hsa-miR-195	0	470.228	41.6626	1
hsa-miR-195*	0	2.2726	1.71974	0
hsa-miR-196a	0	2.92281	2.4355	0
hsa-miR-196a*	0	-3.10345	1.71054	0
hsa-miR-196b	0	113.296	9.68404	1
hsa-miR-197	0	3935.9	303.975	1
hsa-miR-198	0	-1.81262	2.42015	0
hsa-miR-199a-5p	0	9806.74	893.724	1
hsa-miR-199b-3p	0	39198	2914.89	1
hsa-miR-199b-5p	0	80.2395	7.59867	1
hsa-miR-19a	0	14217.6	1079.65	1
hsa-miR-19a*	0	1.36116	1.72661	0
hsa-miR-19b	0	38849.1	3469.93	1
hsa-miR-19b-1*	0	114.42	10.6599	1
hsa-miR-19b-2*	0	0.442817	1.71355	0
hsa-miR-200a	0	17.9416	2.84588	1
hsa-miR-200a*	0	-1.47122	1.98797	0
hsa-miR-200b	0	94.0568	8.59151	1
hsa-miR-200b*	0	-0.185076	1.71915	0
hsa-miR-200c	0	228.703	22.2776	1
hsa-miR-200c*	0	-1.55788	1.71177	0
hsa-miR-202	0	-2.0864	2.41894	0
hsa-miR-202*	0	1.01369	2.42294	0
hsa-miR-203	0	0.58759	2.42743	0
hsa-miR-204	0	41.0031	4.26571	1
hsa-miR-205	0	-0.356903	2.43174	0
hsa-miR-206	0	0.227931	2.42298	0
hsa-miR-208a	0	-1.80861	2.41901	0
hsa-miR-208b	0	-3.09374	2.41886	0
hsa-miR-20a	0	33636.9	2506.16	1
hsa-miR-20a*	0	259.137	22.9163	1
hsa-miR-20b	0	4006.84	338.413	1
hsa-miR-20b*	0	-0.693886	1.71405	0
hsa-miR-21	0	154707	11500	1
hsa-miR-21*	0	212.402	18.7235	1
hsa-miR-210	0	497.932	38.3752	1
hsa-miR-211	0	11.2095	2.55957	1
hsa-miR-212	0	9.70846	2.55437	1
hsa-miR-214	0	-1.87733	2.42021	0
hsa-miR-214*	0	0.329309	2.42043	0
hsa-miR-215	0	63.1883	5.09007	1
hsa-miR-216a	0	-0.535472	1.71409	0
hsa-miR-216b	0	-2.42843	1.71067	0
hsa-miR-217	0	-2.21828	1.71147	0
hsa-miR-218	0	-0.0742739	2.42202	0
hsa-miR-218-1*	0	-4.00017	1.71037	0
hsa-miR-218-2*	0	-4.23288	1.71039	0
hsa-miR-219-1-3p	0	-2.50634	1.71054	0
hsa-miR-219-2-3p	0	-0.827564	2.42038	0
hsa-miR-219-5p	0	69.761	5.70533	1
hsa-miR-22	0	58140.7	5022.31	1
hsa-miR-22*	0	224.686	19.6127	1
hsa-miR-220a	0	0.0249172	1.71519	0
hsa-miR-220b	0	-2.35744	1.71068	0
hsa-miR-220c	0	0.232614	1.71257	0
hsa-miR-221	0	6629.37	551.844	1
hsa-miR-221*	0	361.014	29.7033	1
hsa-miR-222	0	206.732	19.7621	1
hsa-miR-222*	0	0.822997	1.72688	0
hsa-miR-223	0	159423	11728.5	1
hsa-miR-223*	0	210.241	16.4171	1
hsa-miR-224	0	592.712	45.3794	1
hsa-miR-23a	0	39560.6	3127.66	1
hsa-miR-23a*	0	11.2755	1.97766	1
hsa-miR-23b	0	8943.18	737.939	1
hsa-miR-23b*	0	16.2895	2.11294	1
hsa-miR-24	0	38668.4	2782.22	1
hsa-miR-24-1*	0	429.379	34.0824	1
hsa-miR-24-2*	0	-2.33288	1.71116	0
hsa-miR-25	0	6098.7	547.827	1
hsa-miR-25*	0	-0.362283	1.71942	0
hsa-miR-26a	0	26070.3	2051.97	1
hsa-miR-26a-1*	0	25.9802	2.6824	1
hsa-miR-26a-2*	0	0.637212	1.71628	0
hsa-miR-26b	0	15421.2	1127.18	1
hsa-miR-26b*	0	26.0282	2.55449	1
hsa-miR-27a	0	63666.8	5054.15	1
hsa-miR-27a*	0	-2.53338	1.71066	0
hsa-miR-27b	0	13159	1039.33	1
hsa-miR-27b*	0	-1.4135	1.71101	0
hsa-miR-28-3p	0	-1.02471	1.71556	0
hsa-miR-28-5p	0	4015.74	304.978	1
hsa-miR-296-3p	0	-2.90723	1.71052	0
hsa-miR-296-5p	0	7.17986	2.4926	1
hsa-miR-297	0	-1.29183	1.71217	0
hsa-miR-298	0	-3.35757	1.71067	0
hsa-miR-299-3p	0	20.1651	2.92655	1
hsa-miR-299-5p	0	73.0078	6.67929	1
hsa-miR-29a	0	5096.56	421.101	1
hsa-miR-29a*	0	3.38469	1.74221	1
hsa-miR-29b	0	4744.62	440.599	1
hsa-miR-29b-1*	0	16.6111	1.99421	1
hsa-miR-29b-2*	0	-0.205048	1.71671	0
hsa-miR-29c	0	8045.39	570.081	1
hsa-miR-29c*	0	163.047	14.1578	1
hsa-miR-300	0	1.17412	1.72473	0
hsa-miR-301a	0	5038.23	433.237	1
hsa-miR-301b	0	322.906	26.3419	1
hsa-miR-302a	0	1.96289	2.42978	0
hsa-miR-302a*	0	0.110751	1.71898	0
hsa-miR-302b	0	1.30342	1.71587	0
hsa-miR-302b*	0	-0.343572	1.71227	0
hsa-miR-302c	0	1.84368	1.98969	0
hsa-miR-302c*	0	-1.28644	2.42202	0
hsa-miR-302d	0	-0.340589	1.98423	0
hsa-miR-302d*	0	6.45248	1.77283	1
hsa-miR-30a	0	454.638	39.4686	1
hsa-miR-30a*	0	23.1933	2.95181	1
hsa-miR-30b	0	6474.62	511.384	1
hsa-miR-30b*	0	49.9343	5.40002	1
hsa-miR-30c	0	3355.14	305.435	1
hsa-miR-30c-1*	0	23.1038	2.77032	1
hsa-miR-30c-2*	0	-0.302081	2.42165	0
hsa-miR-30d	0	12307.5	885.784	1
hsa-miR-30d*	0	57.9306	4.41733	1
hsa-miR-30e	0	7018.24	593.833	1
hsa-miR-30e*	0	1138.87	93.7309	1
hsa-miR-31	0	5.11099	2.44977	0
hsa-miR-31*	0	-0.55146	2.42125	0
hsa-miR-32	0	334.866	20.7616	1
hsa-miR-32*	0	4.74064	1.74151	0
hsa-miR-320	0	2576.85	237.076	1
hsa-miR-323-3p	0	25.5431	3.14587	1
hsa-miR-323-5p	0	-2.40885	1.71081	0
hsa-miR-324-3p	0	2438.05	196.124	1
hsa-miR-324-5p	0	2944.83	225.275	1
hsa-miR-325	0	-2.63649	1.71116	0
hsa-miR-326	0	1389.16	112.553	1
hsa-miR-328	0	813.273	74.6795	1
hsa-miR-329	0	20.6738	2.95476	1
hsa-miR-330-3p	0	339.316	28.5789	1
hsa-miR-330-5p	0	0.327644	1.71888	0
hsa-miR-331-3p	0	8579.07	677.402	1
hsa-miR-331-5p	0	-2.36474	1.71558	0
hsa-miR-335	0	513.406	47.063	1
hsa-miR-335*	0	56.847	3.47649	1
hsa-miR-337-3p	0	36.3321	3.58603	1
hsa-miR-337-5p	0	197.403	15.5392	1
hsa-miR-338-3p	0	1198.83	106.352	1
hsa-miR-338-5p	0	0.590102	1.71651	0
hsa-miR-339-3p	0	72.2683	6.37459	1
hsa-miR-339-5p	0	6.68493	1.79806	1
hsa-miR-33a	0	1259.96	111.812	1
hsa-miR-33a*	0	-0.231011	1.71478	0
hsa-miR-33b	0	34.1887	3.18597	1
hsa-miR-33b*	0	2.85098	1.72245	0
hsa-miR-340	0	958.775	67.8844	1
hsa-miR-340*	0	1238.92	110.825	1
hsa-miR-342-3p	0	2269.63	198.645	1
hsa-miR-342-5p	0	83.0927	7.80543	1
hsa-miR-345	0	1.18518	1.72196	0
hsa-miR-346	0	-1.0097	1.98426	0
hsa-miR-34a	0	95.0017	7.99005	1
hsa-miR-34a*	0	-2.54597	2.41909	0
hsa-miR-34b	0	1.22846	2.42661	0
hsa-miR-34b*	0	2.78616	2.43193	0
hsa-miR-34c-3p	0	-4.7301	1.71037	0
hsa-miR-34c-5p	0	-0.371549	2.42134	0
hsa-miR-361-3p	0	173.7	16.1269	1
hsa-miR-361-5p	0	2298.68	197.35	1
hsa-miR-362-3p	0	79.7587	6.9291	1
hsa-miR-362-5p	0	192.75	16.6346	1
hsa-miR-363	0	1216.63	89.196	1
hsa-miR-363*	0	-3.16019	1.71038	0
hsa-miR-365	0	8.51168	2.50686	0
hsa-miR-367	0	-0.416576	2.42025	0
hsa-miR-367*	0	-1.02876	1.7231	0
hsa-miR-369-3p	0	2.11397	2.43081	0
hsa-miR-369-5p	0	26.2548	3.16554	1
hsa-miR-370	0	25.0139	3.55294	1
hsa-miR-371-3p	0	2.54454	2.43274	0
hsa-miR-371-5p	0	-0.060867	1.71428	0
hsa-miR-372	0	-1.58496	2.42018	0
hsa-miR-373	0	3.30265	2.44179	0
hsa-miR-373*	0	-1.39432	2.42128	0
hsa-miR-374a	0	2854.16	203.139	1
hsa-miR-374a*	0	-0.689175	1.71223	0
hsa-miR-374b	0	3517.68	248.843	1
hsa-miR-374b*	0	3.86611	1.7326	0
hsa-miR-375	0	-2.36234	2.41949	0
hsa-miR-376a	0	496.451	40.0617	1
hsa-miR-376a*	0	101.705	9.45222	1
hsa-miR-376b	0	80.1207	7.47938	1
hsa-miR-376c	0	1056.55	82.3588	1
hsa-miR-377	0	577.961	51.1035	1
hsa-miR-377*	0	14.0137	2.05238	1
hsa-miR-378	0	26.165	3.34197	1
hsa-miR-378*	0	27.5388	3.22053	1
hsa-miR-379	0	170.167	14.8737	1
hsa-miR-379*	0	2.08771	1.72068	0
hsa-miR-380	0	4.11875	2.45149	0
hsa-miR-380*	0	-1.38462	1.71278	0
hsa-miR-381	0	223.296	18.1719	1
hsa-miR-382	0	62.787	6.31476	1
hsa-miR-383	0	0.00291429	1.9876	0
hsa-miR-384	0	-0.491959	3.42262	0
hsa-miR-409-3p	0	252.608	18.3743	1
hsa-miR-409-5p	0	50.2621	3.68473	1
hsa-miR-410	0	435.229	30.963	1
hsa-miR-411	0	45.6484	4.37472	1
hsa-miR-411*	0	8.71248	1.90092	1
hsa-miR-412	0	0.397481	1.71287	0
hsa-miR-421	0	76.5826	7.27303	1
hsa-miR-422a	0	-1.87247	1.71097	0
hsa-miR-423-3p	0	103.124	7.41597	1
hsa-miR-423-5p	0	749.798	68.6721	1
hsa-miR-424	0	1029.99	82.2322	1
hsa-miR-424*	0	-0.971126	2.42025	0
hsa-miR-425	0	5578.55	453.392	1
hsa-miR-425*	0	22.0399	3.02163	1
hsa-miR-429	0	11.3269	2.56738	1
hsa-miR-431	0	249.347	22.1885	1
hsa-miR-431*	0	1.57858	1.71944	0
hsa-miR-432	0	162.997	12.9446	1
hsa-miR-432*	0	2.80567	1.72359	0
hsa-miR-433	0	23.3137	3.42046	1
hsa-miR-448	0	-0.241418	1.71357	0
hsa-miR-449a	0	10.6606	2.59315	1
hsa-miR-449b	0	-2.19693	1.98307	0
hsa-miR-450a	0	11.7838	2.57311	1
hsa-miR-450b-3p	0	-0.0661474	1.71136	0
hsa-miR-450b-5p	0	0.475014	1.713	0
hsa-miR-451	0	17738.1	1287.35	1
hsa-miR-452	0	27.9678	3.2032	1
hsa-miR-452*	0	-0.534145	1.71773	0
hsa-miR-453	0	-1.40073	1.71139	0
hsa-miR-454	0	566.666	52.4546	1
hsa-miR-454*	0	54.4992	4.34102	1
hsa-miR-455-3p	0	-1.84871	2.42045	0
hsa-miR-455-5p	0	0.510177	2.42183	0
hsa-miR-483-3p	0	7.65959	2.48259	0
hsa-miR-483-5p	0	-1.132	2.42001	0
hsa-miR-484	0	1155.81	94.9652	1
hsa-miR-485-3p	0	125.399	11.1903	1
hsa-miR-485-5p	0	10.0385	2.17039	1
hsa-miR-486-3p	0	104.523	8.88	1
hsa-miR-486-5p	0	3127.81	235.802	1
hsa-miR-487a	0	19.7354	3.01676	1
hsa-miR-487b	0	234.744	19.9707	1
hsa-miR-488	0	0.966046	2.42915	0
hsa-miR-488*	0	-2.15794	2.41951	0
hsa-miR-489	0	-2.29479	2.4203	0
hsa-miR-490-3p	0	-0.324568	2.42445	0
hsa-miR-490-5p	0	0.492965	1.71551	0
hsa-miR-491-3p	0	3.28803	1.73083	0
hsa-miR-491-5p	0	11.3787	2.08119	1
hsa-miR-492	0	0.115403	2.42255	0
hsa-miR-493	0	0.857242	1.72193	0
hsa-miR-493*	0	91.9704	8.41808	1
hsa-miR-494	0	27.3953	3.10617	1
hsa-miR-495	0	203.484	16.704	1
hsa-miR-496	0	1.13376	2.42827	0
hsa-miR-497	0	176.738	16.0377	1
hsa-miR-497*	0	-1.22829	1.7118	0
hsa-miR-498	0	0.472835	2.42111	0
hsa-miR-499-3p	0	-2.04304	1.71135	0
hsa-miR-499-5p	0	7.06379	2.48562	0
hsa-miR-500	0	-0.955555	1.98729	0
hsa-miR-500*	0	92.1064	7.97928	1
hsa-miR-501-3p	0	28.1594	2.73533	1
hsa-miR-501-5p	0	5.37848	1.76668	1
hsa-miR-502-3p	0	72.0038	6.49776	1
hsa-miR-502-5p	0	25.4749	3.37579	1
hsa-miR-503	0	121.104	8.8666	1
hsa-miR-504	0	1.27345	1.71524	0
hsa-miR-505	0	348.332	30.0423	1
hsa-miR-505*	0	166.012	11.2384	1
hsa-miR-506	0	-1.12657	2.42074	0
hsa-miR-507	0	-0.508121	2.42126	0
hsa-miR-508-3p	0	-1.20241	2.42036	0
hsa-miR-508-5p	0	1.67107	1.99897	0
hsa-miR-509-3-5p	0	-1.97512	2.41916	0
hsa-miR-509-3p	0	-1.97648	2.41931	0
hsa-miR-509-5p	0	-3.22579	2.41887	0
hsa-miR-510	0	-1.15462	2.41937	0
hsa-miR-511	0	-2.26159	1.71073	0
hsa-miR-512-3p	0	1.15879	2.42485	0
hsa-miR-512-5p	0	-0.959764	2.41968	0
hsa-miR-513a-3p	0	-0.0830213	1.71265	0
hsa-miR-513a-5p	0	-1.84624	2.42048	0
hsa-miR-513b	0	-0.976906	1.71183	0
hsa-miR-513c	0	0.353802	1.71441	0
hsa-miR-514	0	-0.72363	2.42226	0
hsa-miR-515-3p	0	0.781711	2.42098	0
hsa-miR-515-5p	0	-2.13329	1.98376	0
hsa-miR-516a-3p	0	-0.82015	1.98359	0
hsa-miR-516a-5p	0	-2.01972	2.41923	0
hsa-miR-516b	0	-2.43592	2.42005	0
hsa-miR-517*	0	-0.794048	2.41997	0
hsa-miR-517a	0	1.29959	2.42924	0
hsa-miR-517b	0	-0.12085	2.42209	0
hsa-miR-517c	0	-0.143447	2.42124	0
hsa-miR-518a-3p	0	-0.390544	2.42424	0
hsa-miR-518b	0	-0.559887	2.42137	0
hsa-miR-518c	0	-1.52311	2.41932	0
hsa-miR-518c*	0	-0.475267	2.4205	0
hsa-miR-518d-3p	0	-0.388706	2.42167	0
hsa-miR-518d-5p	0	-2.15263	2.41953	0
hsa-miR-518e	0	0.558003	2.422	0
hsa-miR-518e*	0	-1.41967	1.98359	0
hsa-miR-518f	0	-1.12377	2.41959	0
hsa-miR-518f*	0	-2.00089	2.4203	0
hsa-miR-519a	0	-1.34429	2.41986	0
hsa-miR-519b-3p	0	0.764617	2.42367	0
hsa-miR-519c-3p	0	-0.241137	2.42059	0
hsa-miR-519d	0	2.62233	2.43758	0
hsa-miR-519e	0	3.83814	2.44415	0
hsa-miR-519e*	0	-2.73715	2.41911	0
hsa-miR-520a-3p	0	3.31284	2.43623	0
hsa-miR-520a-5p	0	-2.13974	2.41938	0
hsa-miR-520b	0	3.79451	2.43767	0
hsa-miR-520c-3p	0	2.2073	2.42894	0
hsa-miR-520d-3p	0	7.68002	2.49188	0
hsa-miR-520d-5p	0	0.688411	2.42475	0
hsa-miR-520e	0	0.978981	1.98661	0
hsa-miR-520f	0	1.77094	2.42682	0
hsa-miR-520g	0	2.82567	2.43596	0
hsa-miR-520h	0	1.06454	1.99026	0
hsa-miR-521	0	2.30029	2.42971	0
hsa-miR-522	0	0.889482	2.42444	0
hsa-miR-523	0	-2.6391	2.41958	0
hsa-miR-524-3p	0	-0.15309	2.4211	0
hsa-miR-524-5p	0	-1.53461	2.41908	0
hsa-miR-525-3p	0	0.189044	1.71325	0
hsa-miR-525-5p	0	0.37272	1.98764	0
hsa-miR-526b	0	-1.75258	2.42006	0
hsa-miR-526b*	0	1.33525	2.42479	0
hsa-miR-527	0	-0.361904	1.9843	0
hsa-miR-532-3p	0	86.2628	8.11733	1
hsa-miR-532-5p	0	148.455	12.8201	1
hsa-miR-539	0	35.0609	3.49151	1
hsa-miR-541	0	-2.26119	1.71062	0
hsa-miR-541*	0	-1.11448	1.71174	0
hsa-miR-542-3p	0	37.9853	3.32162	1
hsa-miR-542-5p	0	43.7508	4.04262	1
hsa-miR-543	0	84.8988	7.22953	1
hsa-miR-544	0	-0.407148	1.71335	0
hsa-miR-545	0	230.424	15.89	1
hsa-miR-545*	0	-1.19254	1.71087	0
hsa-miR-548a-3p	0	-0.313617	1.71329	0
hsa-miR-548a-5p	0	26.5859	2.36705	1
hsa-miR-548b-3p	0	1.61186	1.71657	0
hsa-miR-548b-5p	0	0.418143	1.71445	0
hsa-miR-548c-3p	0	0.212459	1.71448	0
hsa-miR-548c-5p	0	299.811	18.2069	1
hsa-miR-548d-3p	0	2.25619	1.71793	0
hsa-miR-548d-5p	0	16.5517	2.02694	1
hsa-miR-549	0	-2.59875	1.71057	0
hsa-miR-550	0	1.85313	1.72316	0
hsa-miR-550*	0	85.3317	5.37461	1
hsa-miR-551a	0	-0.545204	1.71171	0
hsa-miR-551b	0	873.091	65.7196	1
hsa-miR-551b*	0	-2.18573	1.71665	0
hsa-miR-552	0	5.22518	1.75613	1
hsa-miR-553	0	0.389954	1.7159	0
hsa-miR-554	0	-0.924591	1.72301	0
hsa-miR-555	0	-1.55308	1.71039	0
hsa-miR-556-3p	0	2.1979	1.72103	0
hsa-miR-556-5p	0	-2.57023	1.7106	0
hsa-miR-557	0	13.2884	2.60323	1
hsa-miR-558	0	-2.21692	1.71146	0
hsa-miR-559	0	-2.06565	1.71087	0
hsa-miR-561	0	-0.55534	1.71185	0
hsa-miR-562	0	0.764694	1.71417	0
hsa-miR-563	0	0.00637638	1.71318	0
hsa-miR-564	0	-1.97033	1.98369	0
hsa-miR-566	0	-0.55075	1.71829	0
hsa-miR-567	0	-0.201066	1.74091	0
hsa-miR-568	0	-1.47813	2.41908	0
hsa-miR-569	0	-0.85383	1.73159	0
hsa-miR-570	0	3.00418	1.73712	1
hsa-miR-571	0	-1.16386	2.42084	0
hsa-miR-572	0	1.70609	2.43589	0
hsa-miR-573	0	-2.20971	1.71071	0
hsa-miR-574-3p	0	1091.23	82.0513	1
hsa-miR-574-5p	0	168.223	12.8977	1
hsa-miR-575	0	4.30001	2.44605	0
hsa-miR-576-3p	0	8.03908	1.85608	1
hsa-miR-576-5p	0	1.99978	1.71648	0
hsa-miR-577	0	-2.02063	2.41922	0
hsa-miR-578	0	-1.68897	1.7162	0
hsa-miR-579	0	1.97926	1.72733	0
hsa-miR-580	0	1.67438	1.71708	0
hsa-miR-581	0	-0.00754188	1.71327	0
hsa-miR-582-3p	0	-2.75105	1.71058	0
hsa-miR-582-5p	0	5.77762	2.45768	0
hsa-miR-583	0	-1.65442	1.98456	0
hsa-miR-584	0	1455.17	129.814	1
hsa-miR-585	0	-0.0405411	1.98825	0
hsa-miR-586	0	-0.872438	1.71109	0
hsa-miR-587	0	-2.79965	1.7114	0
hsa-miR-588	0	-2.92757	1.71157	0
hsa-miR-589	0	3.45676	1.76653	1
hsa-miR-589*	0	4.47621	1.75298	1
hsa-miR-590-3p	0	-0.331341	1.71225	0
hsa-miR-590-5p	0	4255.65	367.026	1
hsa-miR-591	0	-0.747069	1.71298	0
hsa-miR-592	0	-0.655286	2.42084	0
hsa-miR-593	0	2.35703	1.7243	0
hsa-miR-593*	0	-0.344402	1.73678	0
hsa-miR-595	0	14.6259	2.21649	1
hsa-miR-596	0	-3.40466	1.71068	0
hsa-miR-597	0	0.00139955	1.71613	0
hsa-miR-598	0	238.522	21.9342	1
hsa-miR-599	0	-1.1214	1.71301	0
hsa-miR-600	0	-3.90109	1.7104	0
hsa-miR-601	0	-1.0204	1.71048	0
hsa-miR-602	0	1.17148	1.99102	0
hsa-miR-603	0	-0.666886	1.7121	0
hsa-miR-604	0	-3.49525	1.98282	0
hsa-miR-605	0	3.33695	2.43528	0
hsa-miR-606	0	-1.81928	1.71052	0
hsa-miR-607	0	-2.8513	1.71058	0
hsa-miR-608	0	-1.93728	2.41882	0
hsa-miR-609	0	1.0995	1.83769	0
hsa-miR-610	0	1.26731	1.71827	0
hsa-miR-611	0	-2.72618	1.98292	0
hsa-miR-612	0	-1.71273	1.71158	0
hsa-miR-613	0	2.6484	1.7211	0
hsa-miR-614	0	-1.76916	1.98713	0
hsa-miR-615-3p	0	2.52312	1.72386	0
hsa-miR-615-5p	0	-2.19655	1.71088	0
hsa-miR-616	0	0.0626031	1.7149	0
hsa-miR-616*	0	0.172027	1.71447	0
hsa-miR-617	0	-1.62448	1.98291	0
hsa-miR-618	0	-0.141865	1.71523	0
hsa-miR-619	0	1.79597	1.72088	0
hsa-miR-620	0	-2.03459	3.42353	0
hsa-miR-621	0	-3.35325	1.71075	0
hsa-miR-622	0	-1.04151	1.98682	0
hsa-miR-623	0	38.5085	2.67124	1
hsa-miR-624	0	5.8123	1.81786	1
hsa-miR-624*	0	63.0577	5.08642	1
hsa-miR-625	0	3131.47	289.167	1
hsa-miR-625*	0	14.8325	1.97943	1
hsa-miR-626	0	-1.26005	1.71163	0
hsa-miR-627	0	149.33	8.59362	1
hsa-miR-628-3p	0	36.143	3.09938	1
hsa-miR-628-5p	0	204.539	13.6529	1
hsa-miR-629	0	25.071	2.70177	1
hsa-miR-629*	0	24.2342	2.45298	1
hsa-miR-630	0	3.68787	2.4376	0
hsa-miR-631	0	1.636	2.42619	0
hsa-miR-632	0	1.37493	1.99418	0
hsa-miR-633	0	-2.08515	1.71273	0
hsa-miR-634	0	5.11975	1.75083	0
hsa-miR-635	0	-1.57371	1.71113	0
hsa-miR-636	0	3.22136	1.72976	0
hsa-miR-637	0	1.17612	1.7691	0
hsa-miR-638	0	101.783	8.02905	1
hsa-miR-639	0	-0.928929	1.71649	0
hsa-miR-640	0	1.98718	1.99933	0
hsa-miR-641	0	22.4829	2.31627	1
hsa-miR-642	0	-0.120178	1.71369	0
hsa-miR-643	0	1.07746	1.72786	0
hsa-miR-644	0	-2.10763	1.71061	0
hsa-miR-645	0	2.62046	1.78497	1
hsa-miR-646	0	-1.56695	1.71189	0
hsa-miR-647	0	0.176296	1.71719	0
hsa-miR-648	0	-2.0781	1.98356	0
hsa-miR-649	0	2.04326	1.77259	0
hsa-miR-650	0	-1.77102	1.98502	0
hsa-miR-651	0	3.00336	1.73948	0
hsa-miR-652	0	1786.29	168.049	1
hsa-miR-653	0	-1.91307	1.71088	0
hsa-miR-654-3p	0	287.141	25.7597	1
hsa-miR-654-5p	0	29.3241	2.30488	1
hsa-miR-655	0	0.878259	1.71495	0
hsa-miR-656	0	2.27208	2.43105	0
hsa-miR-657	0	0.416051	1.71584	0
hsa-miR-658	0	-1.5085	1.71128	0
hsa-miR-659	0	-1.05357	2.42325	0
hsa-miR-660	0	281.817	25.3383	1
hsa-miR-661	0	-2.21771	1.7108	0
hsa-miR-662	0	-0.285807	1.71664	0
hsa-miR-663	0	-1.08122	2.422	0
hsa-miR-665	0	0.833125	1.71408	0
hsa-miR-668	0	6.78858	1.75656	1
hsa-miR-671-3p	0	-2.53758	1.71179	0
hsa-miR-671-5p	0	9.07214	2.50449	0
hsa-miR-675	0	-2.08656	1.71205	0
hsa-miR-7	0	130.952	12.2723	1
hsa-miR-7-1*	0	217.308	17.6936	1
hsa-miR-7-2*	0	2.49199	1.71738	0
hsa-miR-708	0	-1.85342	1.71121	0
hsa-miR-708*	0	0.351644	1.71469	0
hsa-miR-744	0	528.135	38.4906	1
hsa-miR-744*	0	35.9097	3.03857	1
hsa-miR-758	0	139.682	9.16403	1
hsa-miR-760	0	-1.3681	1.7168	0
hsa-miR-765	0	0.200977	2.42262	0
hsa-miR-766	0	1038.88	55.7375	1
hsa-miR-767-3p	0	0.919809	1.72535	0
hsa-miR-767-5p	0	-0.827898	1.7118	0
hsa-miR-768-3p	0	89.1562	7.61437	1
hsa-miR-768-5p	0	342.514	30.4687	1
hsa-miR-769-3p	0	7.29715	1.79876	1
hsa-miR-769-5p	0	211.913	17.0852	1
hsa-miR-770-5p	0	0.727128	1.71788	0
hsa-miR-801	0	-0.446897	2.4235	0
hsa-miR-802	0	-1.78917	1.71231	0
hsa-miR-873	0	-0.342043	1.71536	0
hsa-miR-874	0	60.9988	6.21511	1
hsa-miR-875-3p	0	-1.76388	1.71371	0
hsa-miR-875-5p	0	-0.0793778	1.7125	0
hsa-miR-876-3p	0	-1.25574	1.7113	0
hsa-miR-876-5p	0	-1.82525	1.71193	0
hsa-miR-877	0	4.97752	1.7698	1
hsa-miR-877*	0	3.75843	1.73363	0
hsa-miR-885-3p	0	-2.45465	1.71262	0
hsa-miR-885-5p	0	10.664	2.53575	1
hsa-miR-886-3p	0	93.7434	6.90334	1
hsa-miR-886-5p	0	-2.74725	1.71146	0
hsa-miR-887	0	0.870035	1.73216	0
hsa-miR-888	0	-2.77164	2.42026	0
hsa-miR-888*	0	-1.24653	1.71109	0
hsa-miR-889	0	11.1813	1.86567	1
hsa-miR-890	0	-2.11222	1.71044	0
hsa-miR-891a	0	-0.279691	2.42126	0
hsa-miR-891b	0	-0.302926	2.42157	0
hsa-miR-892a	0	2.01105	1.72262	0
hsa-miR-892b	0	1.63148	1.71774	0
hsa-miR-9	0	9.43374	2.53501	1
hsa-miR-9*	0	57.8777	4.96009	1
hsa-miR-920	0	-3.60851	1.71044	0
hsa-miR-921	0	-2.53505	1.71276	0
hsa-miR-922	0	-3.05767	1.71064	0
hsa-miR-923	0	520.476	44.9249	1
hsa-miR-924	0	1.20586	1.71581	0
hsa-miR-92a	0	12504.9	998.076	1
hsa-miR-92a-1*	0	6.73894	1.79713	1
hsa-miR-92a-2*	0	1.49381	1.7174	0
hsa-miR-92b	0	1.12707	1.71631	0
hsa-miR-92b*	0	-2.65354	1.71077	0
hsa-miR-93	0	5351.57	496.202	1
hsa-miR-93*	0	10.2335	2.06699	1
hsa-miR-933	0	1.19606	1.72583	0
hsa-miR-934	0	-4.0279	1.71091	0
hsa-miR-935	0	-1.18193	1.71283	0
hsa-miR-936	0	-1.76358	2.4198	0
hsa-miR-937	0	2.41604	1.72291	0
hsa-miR-938	0	-2.41647	1.71159	0
hsa-miR-939	0	40.7134	3.81136	1
hsa-miR-940	0	57.5251	4.87245	1
hsa-miR-941	0	-3.75608	1.71137	0
hsa-miR-942	0	3.53269	1.73229	0
hsa-miR-943	0	-1.6436	1.71076	0
hsa-miR-944	0	-1.55884	1.71737	0
hsa-miR-95	0	-0.0239247	2.42152	0
hsa-miR-96	0	8.73938	2.52088	1
hsa-miR-96*	0	-1.4946	1.71358	0
hsa-miR-98	0	1457.54	131.926	1
hsa-miR-99a	0	160.695	14.7426	1
hsa-miR-99a*	0	0.00155104	1.7114	0
hsa-miR-99b	0	310.03	24.2212	1
hsa-miR-99b*	0	1.83526	1.72115	0
hsv1-miR-H1	0	-1.52025	1.71192	0
hsv1-miR-LAT	0	4.95736	1.74107	0
hur_1	1	2681.19	136.304	1
hur_2	1	9216.5	463.893	1
hur_4	1	1420	77.2591	1
hur_5	1	-0.683535	2.14437	0
hur_6	1	751.972	47.3368	1
kshv-miR-K12-1	0	-1.34183	1.71167	0
kshv-miR-K12-10a	0	-1.38228	1.71355	0
kshv-miR-K12-11	0	-1.03522	1.71355	0
kshv-miR-K12-12	0	1.86941	1.71889	0
kshv-miR-K12-2	0	-2.00117	1.71533	0
kshv-miR-K12-3	0	13.3624	2.72709	1
kshv-miR-K12-3*	0	-2.36147	1.71059	0
kshv-miR-K12-4-3p	0	-1.44395	1.71312	0
kshv-miR-K12-4-5p	0	-1.40869	1.71461	0
kshv-miR-K12-5	0	-3.32233	1.71155	0
kshv-miR-K12-6-3p	0	-2.05311	1.71282	0
kshv-miR-K12-6-5p	0	-2.35314	1.71039	0
kshv-miR-K12-7	0	-3.41324	1.71037	0
kshv-miR-K12-8	0	-1.60769	1.71244	0
kshv-miR-K12-9	0	-3.71709	1.71073	0
kshv-miR-K12-9*	0	-1.72845	1.71055	0
miRNABrightCorner30	1	10227.8	1023.97	1
mr_1	1	538.035	28.2935	1
