ID_REF	SAMPLE 1	SAMPLE 2	SAMPLE 3	SAMPLE 4	SAMPLE 5	SAMPLE 6	SAMPLE 7	SAMPLE 8	SAMPLE 9	SAMPLE 10	SAMPLE 11	SAMPLE 12	SAMPLE 13	SAMPLE 14	SAMPLE 15	SAMPLE 16	SAMPLE 17	SAMPLE 18
ID_REF	SAMPLE 1	SAMPLE 2	SAMPLE 3	SAMPLE 4	SAMPLE 5	SAMPLE 6	SAMPLE 7	SAMPLE 8	SAMPLE 9	SAMPLE 10	SAMPLE 11	SAMPLE 12	SAMPLE 13	SAMPLE 14	SAMPLE 15	SAMPLE 16	SAMPLE 17	SAMPLE 18
design_target_name	Healthy-control				sCAD					STEMI d0				STEMI d5
hsa-miR-223	21.44114457	19.85898168	21.29237401	20.8109762	21.27927263	21.97552333	20.93608183	21.51032306	20.54814518	21.75698978	21.05902609	22.33131144	22.50935525	20.95173965	20.75982964	20.96623495	22.33354354	22.5366236
hsa-miR-142-3p	21.77900703	20.07504722	21.29031656	21.00556572	21.91836178	22.05393434	21.26636067	21.36844183	20.6408069	22.24320804	21.01945829	22.218389	22.66061605	21.08727415	20.69362139	21.30795802	22.45544326	22.43911419
SNORD38B	21.83340288	21.19557963	21.52921955	21.18839873	21.45741569	22.31396838	22.04215597	21.88568215	21.41415853	22.08794961	21.66423772	21.90296394	22.77722437	22.01791279	21.10420549	21.74746058	22.42587046	22.671202
hsa-miR-19b	23.00223195	21.99768251	22.86721366	22.6435885	21.82102446	23.10556653	23.05100356	23.4581791	22.4321179	23.59557963	22.35358841	23.15669712	23.14085407	22.47140841	22.49975562	22.23639547	23.44087299	22.93849108
hsa-miR-20a	23.77661206	22.70764294	23.60565516	23.45431857	22.69906326	24.12047083	23.67588921	24.05218273	23.16966131	24.44817333	23.15881668	23.85954941	23.99826506	23.1905873	23.25631919	22.95237661	24.281022	23.74044174
hsa-miR-19a	23.75185446	22.56709331	23.47574727	23.52380386	22.93959058	24.03509474	23.78887811	24.14040295	22.98432321	24.55718532	23.25132797	24.04093312	24.00787722	23.49980541	23.27769841	23.10306221	24.31320465	23.7265672
hsa-miR-126	23.61972079	21.84829655	23.50721137	23.10888816	23.28729647	24.69177514	22.5791445	23.92425533	22.61479945	24.72664571	23.29050227	24.51349618	24.55152254	23.41501772	22.84935146	23.87802455	24.28039625	24.44091965
hsa-miR-92a	24.037637	23.19012252	24.02475767	23.90292883	22.94604216	24.47087185	24.24274951	24.53289184	23.69960758	24.68822927	23.57977513	24.11677044	24.04952192	23.63285224	23.5730538	23.12784907	24.47873313	23.90380923
hsa-miR-103	23.54589594	21.95773837	23.79330962	23.24146312	23.74881788	24.48018143	23.24111379	23.85593851	22.92331152	24.62654247	23.56313633	24.82417912	25.03651112	23.73519079	23.11431279	23.70928228	24.7664629	24.94489275
hsa-miR-16	23.72630919	23.01814963	23.31874948	23.82780156	23.26135627	24.42911967	23.84213573	23.55856453	23.03729874	24.34173039	23.48244776	24.452581	24.82293202	23.30672816	23.26555903	23.42809873	24.9040265	24.10745475
hsa-miR-23a	23.77566788	22.04382884	23.60026499	23.57802401	23.79104246	24.58642941	23.53070143	23.98228383	22.95705433	25.29069411	23.62770149	24.67900595	25.49754922	23.82357726	23.29245093	23.75769926	24.97575145	24.97067157
hsa-miR-21	24.03674572	22.24687613	23.56028548	23.66577515	24.8218206	24.10657178	23.31774116	23.44692988	22.86251822	24.55045943	23.97397688	25.20098976	25.68303752	23.65389207	22.45963236	22.56064582	25.35904721	25.8525351
hsa-miR-1979	24.61565335	23.71499139	24.70035136	24.66586706	24.28684373	24.69783263	24.70368885	24.45822912	24.58663049	24.97996065	23.91162885	24.52687754	24.92339394	23.96236159	23.23555554	23.56881078	25.11407023	24.11330702
hsa-miR-15a	24.4347123	22.80733238	24.33211888	23.85722619	23.78465822	24.54572403	24.06906125	24.12672721	23.67565491	24.61428313	23.79070162	24.9902452	25.03757766	23.81039502	23.6246427	23.64569949	25.22112899	25.02504274
hsa-miR-17	24.51141606	23.25836474	24.53132917	24.07323598	23.55170017	24.94737621	24.21882179	24.77339304	23.87423098	25.17623725	23.89593992	24.76634119	24.94896627	23.9371619	24.10735435	23.87203172	24.99907707	24.63284023
hsa-miR-23b	24.05144648	22.52887047	24.02811814	24.00410119	24.35087206	25.0113898	23.70112001	24.28123263	23.23839677	25.45007389	23.93695805	25.15620935	25.54694969	24.31594629	23.67233192	24.29292077	25.35052802	25.2760931
hsa-let-7a	24.21537321	22.96223318	24.76632076	23.95316881	23.94275649	25.63119667	24.53872453	24.47550957	23.67190455	24.64117527	23.51185318	24.491439	27.23034558	23.78632255	23.32610066	23.94033796	25.32565077	25.17475587
hsa-miR-24	24.46404701	22.88680791	24.0828202	23.98790045	24.18309031	24.9069348	23.76745823	24.50810648	23.55508264	25.45541654	23.99821279	25.12849746	25.51180377	24.07169135	23.72561939	24.1529983	25.21585679	25.27031157
hsa-miR-106a	24.56394163	23.43736681	24.567011	24.14168507	23.62092388	25.00867469	24.28544688	24.87506944	23.98796625	25.19546925	24.01446838	24.80881061	24.95217587	24.04853012	24.05751904	23.96374694	25.10744769	24.69159718
hsa-miR-181a	24.66001654	24.67548641	24.9457459	25.24339159	24.12519154	25.20245728	26.22628477	25.6219956	24.58019068	25.16220175	24.08256876	24.44534706	24.96055803	24.18407372	24.43239456	23.806642	25.32304451	24.92214287
hsa-miR-720	25.60270833	23.91186284	25.47058237	25.52176983	25.22727575	25.36706228	24.08413301	25.19412369	25.34442122	25.32417735	24.98944147	25.84114209	25.13270869	24.58207977	23.03827889	24.72534172	25.46919563	25.22166392
hsa-let-7f	24.88075964	23.49495724	24.92384977	24.54399529	24.71481633	25.7172937	24.92851138	25.27158741	24.26141302	25.85568115	24.58383489	25.51235425	25.89180905	24.82529258	24.3598149	24.81123807	25.77181063	25.67620011
hsa-let-7g	25.29747302	23.83466736	25.03101499	24.63550374	24.66054879	25.49662141	25.09144621	25.18442319	24.50516899	25.72498991	24.6734764	25.63933232	25.9120218	24.83829681	24.57392273	24.9107322	25.97083468	25.75725061
hsa-miR-15b	25.16580944	23.59767533	24.8328383	25.03311707	25.04871099	25.88035854	24.77690744	25.2667964	24.21445739	26.11940893	24.75631834	25.75090354	26.03931515	24.88007899	24.5664685	24.95334804	25.97396197	25.92003056
hsa-miR-107	24.74566059	23.59607657	24.95589445	24.6642427	25.44902499	26.09778455	24.57163545	25.06836812	24.25580938	25.96417385	24.59911327	26.42118861	26.79209054	24.99989653	24.21262981	24.99968944	26.03799358	26.05412379
hsa-miR-93	25.6128395	24.33533251	25.64573643	25.27868849	25.00760397	25.99129355	25.53622592	25.84834198	25.05758944	26.18023441	25.11311735	25.93256554	26.12978057	25.22379246	24.99311691	25.06752609	26.32336394	25.91375229
hsa-miR-221	25.68553131	24.03461061	25.45968853	25.07528339	25.72950261	26.34105727	24.69754362	25.80116377	24.98689213	26.79431149	25.27501263	26.74600552	27.08688386	25.51256669	24.92412917	26.03776494	26.85646873	26.85715201
hsa-miR-150	26.09676292	24.81227705	24.79479192	24.7618616	26.46683306	26.72232414	26.60837021	25.63632755	25.03057086	26.30371442	26.10094748	26.10314761	27.57418975	25.79991661	25.10897019	25.96740518	25.9367383	26.79316601
hsa-miR-320a	26.08633512	24.85992606	26.53297841	25.9454377	25.67090889	26.78482267	25.89914573	26.55136908	25.28610392	27.52605396	25.986065	26.53107868	26.90812889	25.9196557	25.85994746	25.89355817	26.86699198	26.5654656
hsa-miR-222	26.74888015	26.00889867	26.20940418	26.04206669	25.27086773	26.28513876	27.1144855	27.0300053	26.15385377	26.88827561	26.14366448	26.59698307	26.49631542	25.94804428	26.42644595	25.90135111	26.6255147	26.48434089
hsa-miR-423-3p	26.33449561	24.91146435	26.74689707	26.00852836	25.96163446	27.13330713	25.98458508	26.60015994	25.66952123	27.07916619	26.01942678	27.10256145	27.22674128	26.17775239	25.90214761	26.12813322	27.13616313	26.99123996
hsa-miR-30e	26.30169832	24.75457528	26.28350688	25.99824117	26.26065989	27.00161177	26.65883837	26.48373939	25.6094558	26.90746736	26.08939121	26.86076006	27.35208471	25.94438496	25.70778084	26.50299032	27.29418324	26.95539361
hsa-miR-142-5p	26.53337494	24.88727541	26.11479383	26.19097089	26.47999257	26.97251583	26.20176443	26.61501385	25.52515029	27.4680421	26.29689116	27.81012166	27.91820527	26.31864794	26.09073058	26.4612665	27.82358807	27.55268141
hsa-miR-191	26.53428221	25.14076922	26.32669217	26.48525385	26.95390876	27.46357826	26.06725675	26.91271464	25.7330179	27.83384254	26.23840875	27.54562948	28.11761218	26.6903289	25.69598681	26.56124961	27.58810833	27.6902844
hsa-miR-484	26.75131497	25.08457135	26.85684167	26.23913215	26.914896	27.66051529	26.0990179	26.80156361	25.8016035	27.48800789	26.69512229	27.81369627	28.31412478	26.60220465	26.00853632	26.82563114	27.81469699	27.95322679
hsa-miR-125a-5p	27.27191906	26.0950659	27.22880954	26.8515768	26.65254547	27.66064329	26.26490108	27.67645439	26.46270514	27.67800741	26.22409034	27.67253374	27.52224575	26.47607659	25.94586102	26.93473638	27.61548572	27.22671529
hsa-miR-185	26.5284315	25.12095021	26.31748541	26.37381307	27.12382226	27.54430589	25.76123259	26.72178106	25.51850001	27.84266695	26.63049621	28.01664468	28.55448876	26.5576797	26.02136735	27.03360556	27.69465206	28.09838532
hsa-let-7c	27.08674054	25.64651596	26.88078403	26.62849521	26.57638894	27.75224643	27.11791863	27.25049479	26.31562118	27.9987886	26.66967054	27.32399309	27.70335885	26.67248124	26.02508366	26.28081496	27.67889862	27.24637282
hsa-miR-151-5p	26.28125286	24.6280439	26.12225936	26.0202315	27.24026223	27.88970297	25.69268367	26.8642164	25.56410353	28.01449658	26.7709465	28.08903615	29.07524342	26.78886887	26.25704601	27.79412353	27.79857499	28.31957658
hsa-miR-26b	26.85393421	25.20795377	26.93250028	26.5855899	27.59919521	27.55495965	26.62384472	26.72623747	25.77205525	27.90459779	26.66166408	27.65863995	28.17996694	27.27708125	25.9341196	26.53639149	28.02799051	27.7635994
hsa-let-7b	27.59185909	26.04584077	27.69259832	27.17350398	26.94315905	27.47445901	27.63105692	27.57852364	26.71044209	28.05609443	26.73034572	27.53290081	27.44419371	26.87954494	26.67844427	26.51124909	27.8522022	27.09741693
hsa-miR-342-3p	27.32072308	26.65629106	26.85957861	26.61420852	27.57301275	27.61262424	27.90751336	26.999847	26.7021883	27.52226091	27.16553829	27.70858023	28.44540295	26.95722445	26.64124603	27.03888716	28.08929514	28.16734363
hsa-miR-106b	27.51839381	26.03892186	27.07692202	27.06896443	26.94496208	27.55705224	27.34347605	27.75069061	26.66439765	28.06269386	26.92141169	27.72302203	27.9847081	27.32010455	26.61588811	26.63083244	28.01882784	27.67150378
hsa-miR-199a-5p	26.53570811	24.92137101	26.43249864	26.34750589	27.03773111	28.18444758	26.17197819	27.15426995	25.5775644	28.67852854	26.99157114	28.55438712	29.54083901	27.30135521	26.69124732	28.48279988	28.20680682	29.06490787
hsa-miR-155	28.08994199	27.798077	28.15824562	27.19380532	26.62543463	27.84983101	28.19783298	28.06323687	27.68644577	27.70198982	27.00662539	27.59356182	27.71510803	26.8830153	27.18245575	26.9710781	28.06950934	27.53151002
hsa-let-7i	27.17012138	25.91866202	27.19495766	27.08774279	27.6605823	27.90535321	27.06949866	27.47020191	26.68939033	28.55652241	27.29355244	28.49467915	28.76953777	27.67549	26.85780746	26.97031847	28.67223816	28.26251092
hsa-miR-425	27.43156607	26.12128767	27.43718194	27.53252195	27.63310934	28.23813112	27.08184859	27.80201478	26.91190266	28.62802596	27.21791173	28.63627204	28.7818047	27.71034788	26.95865256	27.28922452	28.51134883	28.44354129
hsa-miR-29c	27.94504735	26.24503068	27.10571108	26.9361062	27.97221133	27.84020887	27.88710088	27.62886211	26.78492131	28.62219008	27.90065162	28.69676647	28.55380465	27.6013286	26.85591728	27.73167862	28.35225213	28.53172851
hsa-miR-125b	28.48221461	28.15704245	28.39061437	27.48940741	26.28314881	27.83148453	29.10319235	29.2400719	27.95859417	28.89091266	27.27621054	27.47082463	27.37582598	27.73105634	27.86545188	27.38334638	27.94846854	27.60109804
hsa-miR-148b	27.50042088	25.77676215	27.54011393	26.95535502	27.63240904	28.23772805	27.21827748	27.84700459	26.76455817	28.45981666	27.19095772	29.02941026	29.26483835	27.58046019	26.96874521	28.06978691	28.64184047	29.10912026
hsa-miR-424	27.87232468	26.74831734	28.55666383	28.12260538	28.96810919	27.55055467	27.26054734	27.63481163	27.86191268	28.65201597	26.7042754	27.56149158	28.31566169	27.77592879	26.82686412	26.54338506	29.09685268	28.46324856
hsa-miR-140-3p	28.07047399	27.06693757	27.69269414	27.63540322	27.96264439	28.51551959	27.97764855	27.97208558	27.75800146	28.4749049	27.79540927	28.48420235	28.87224679	27.82734598	27.44620469	27.18154537	28.63562259	28.43738379
hsa-miR-196b	29.10426908	27.47431994	28.1546042	27.64155231	27.26756312	28.33070586	29.21454391	28.67503472	28.33589289	28.1151883	27.94781175	28.20105907	28.0148631	27.1346211	28.05307294	27.76104177	28.5329075	27.18472861
hsa-miR-20b	28.5023267	27.65575429	28.24725324	27.99910528	27.32232179	28.71009505	28.135036	28.58018275	27.99294839	28.62340804	27.65609704	28.30445936	28.64460427	27.54802086	27.94748452	27.42200925	28.88017403	28.14283658
hsa-miR-186	28.04297195	26.83380102	27.86775659	27.8405019	27.80913486	28.70204129	27.92830311	28.17895576	27.52159305	29.25634396	27.6969313	28.59249237	28.92175225	27.7978718	27.60456052	27.59786443	28.90686667	28.68319841
hsa-miR-451	28.63797607	26.60457859	27.79722703	27.22241196	29.14446293	27.74972533	27.34901271	29.01272053	27.70698671	29.54624201	27.19679301	29.80310799	28.30117767	26.65013629	27.15045562	29.1537918	27.87738106	27.92413154
hsa-miR-25	28.49604185	27.21625944	28.09790784	28.24511373	27.62067189	28.72091432	28.58456517	28.71524733	27.82998349	29.09761752	27.97819611	28.51521944	28.78835387	27.93712078	27.66199834	27.49136657	28.79177339	28.42901119
hsa-miR-197	28.6109559	27.10479099	28.5744952	28.06305647	28.11684806	29.15557435	28.46030351	28.09760666	27.73580409	28.71839096	28.06587395	28.77578895	29.15955232	27.72639642	27.87182151	27.59331717	29.13179699	29.00110923
hsa-miR-29a	28.628628	27.00384784	27.73795716	27.78839959	28.47449411	28.28966272	28.34181249	28.13052635	27.65402489	29.01450576	27.99540871	29.25837234	29.18527132	28.16146475	27.50063283	27.90311421	28.90789442	28.99212503
hsa-miR-18b	28.55409459	26.66157027	28.29084924	27.81915637	27.93308712	29.0663998	27.47787754	28.449108	27.54145955	28.96630618	27.9767316	29.03201264	29.43028331	27.90478995	27.88439153	27.6555433	29.53057186	29.56554549
hsa-miR-130a	28.22937617	26.65274113	28.42730305	28.00690984	27.73584593	28.77090829	27.63962215	29.00474511	27.46208162	29.53239154	28.05285479	29.17550963	28.97458875	28.62172945	27.85873781	28.14861203	29.03483451	28.70302128
hsa-miR-199a-3p	27.60866699	25.82654841	27.5752847	27.71480089	28.32278828	29.21000828	27.16468688	28.49980852	26.47436336	29.73997461	28.18085373	29.76134165	30.62331888	28.45454925	27.35458272	29.22377827	29.18542877	30.04789545
hsa-miR-374b	28.17049373	26.8449489	27.87267836	28.13581546	28.24445165	29.34881205	27.7878603	28.67352536	27.21232066	29.61618138	28.33410685	29.34140504	29.73801137	28.30950435	27.78144869	28.14767265	29.30635976	29.08384186
hsa-miR-181d	28.43729865	28.49091339	28.83915511	28.67970088	27.85462463	29.08039218	30.09359979	29.44914029	28.60689633	28.89622243	27.97086484	28.05802528	28.25036153	28.29155791	28.15431187	27.2967752	28.67135224	28.74826511
hsa-let-7d	28.24865568	26.91841701	28.20105238	28.33179774	28.63255287	29.01502591	27.99772351	28.88789955	27.58344169	29.48295069	28.24729333	29.54124779	29.8116232	28.35629316	27.69207355	28.10691422	29.29189568	29.35282375
hsa-miR-146a	28.54442319	27.03255277	28.56240349	27.88015616	27.79763398	28.74651316	28.62933319	29.07900859	27.53532429	30.29200743	28.76927692	29.02194072	28.87287645	28.76126175	28.34886852	28.44016937	28.99934081	29.67234169
hsa-miR-99a	29.11917264	28.91768886	28.87186733	28.24250517	27.12042274	28.46443077	29.91300458	29.76697262	28.66461516	29.71105152	28.10629514	28.4840013	28.2075178	28.46411875	28.59996374	28.05592243	28.66191125	28.35311765
hsa-miR-338-3p	28.96060516	27.12562364	28.59466004	28.21368215	28.21614489	28.86555992	28.17311468	29.01789645	27.93586542	28.94729867	27.99722329	29.6219872	29.57131102	28.23542525	27.9247627	27.82863414	29.7618897	29.56219116
hsa-miR-652	28.14396497	26.65109796	28.3017279	28.34334979	28.96280671	29.22493274	27.93919713	28.74838766	27.58102595	29.72619729	28.32035665	29.64409481	29.88142749	28.60127639	27.77680525	28.56628621	29.54009787	30.03372573
hsa-miR-331-3p	28.54336639	26.76044626	28.57541157	28.49071979	28.63866308	29.61487996	27.96137023	28.67995309	27.58865288	29.81663935	28.33417501	29.27915896	29.81534925	28.55956356	28.06150725	28.74792259	29.69499887	29.84658898
hsa-let-7d*	28.74133258	27.49131621	28.80749093	29.10183393	28.75905458	29.0518331	28.66221811	29.16492009	28.27678703	29.68424358	28.67253561	29.70612951	30.05156846	28.73309086	28.10680352	28.54241774	29.6417182	29.61412714
hsa-miR-28-5p	28.89745591	27.17429643	28.80059993	28.62984093	29.0618687	29.64106421	28.21012648	29.02384063	27.90583217	29.70499426	29.20704782	30.00409144	30.52348627	28.91810015	28.53279999	28.93938386	29.82728279	29.98303499
hsa-miR-423-5p	29.13128704	27.71495887	29.12930432	28.98671107	28.94532121	29.78317654	28.86591517	29.46823082	28.54315405	29.97638787	28.84852111	30.00398499	29.8849223	29.11328129	28.93188301	28.85462395	30.04625416	29.82652182
hsa-miR-339-5p	29.15282972	27.33537953	29.12989854	28.76232461	29.5109757	30.06226436	28.84945578	29.49515407	28.73826153	29.817563	28.88753066	30.06717246	30.46420984	29.11112268	28.23762702	29.17558771	29.8519779	29.88679389
hsa-miR-145	28.85647978	27.31607791	28.90297331	28.96650213	29.87692623	30.55067088	27.47166503	29.1644128	27.06083051	29.61666012	29.24369392	31.07022014	31.11415764	28.66179176	28.71638666	30.48796491	29.98327905	30.92786836
hsa-miR-590-5p	29.20730866	27.27453414	28.90816204	28.53346394	28.93380267	29.83712337	28.07725552	29.268848	28.17395282	29.81191943	28.6912554	29.90285149	30.19838229	28.81649561	28.35171764	28.82778018	30.43299817	30.48501881
hsa-miR-181b	29.27503677	29.81502085	29.88460032	30.15036331	28.63580571	29.55903783	30.97749437	30.08487418	29.30324906	29.67009157	28.81511913	28.83986429	29.36048568	28.82786179	28.85119607	27.79743656	29.89102742	29.56020159
hsa-miR-766	29.46415592	27.89285926	29.24414585	29.07376949	28.94643897	30.21309361	28.80614397	29.91243312	28.76987638	30.35294431	29.0798519	29.85795539	30.76590869	29.05812351	28.99038083	29.69930318	29.99877671	30.02051594
hsa-miR-378	29.65000185	29.0949686	29.76516733	29.52399023	28.75198815	29.535169	30.10258665	29.10638521	29.48913504	29.7773108	28.98454071	29.77972302	29.74196152	28.90028241	28.82675454	28.22259755	30.28662857	29.62555559
hsa-miR-18a	29.25292101	27.58148616	29.16877579	28.80128585	28.93675491	30.42953282	28.49495353	29.51078942	28.52214313	30.11012816	28.91212202	30.05497428	30.71640088	28.84396095	28.75871492	29.11554283	30.30451439	30.42729054
hsa-miR-335	29.52431523	27.75224896	29.14315933	28.86937886	28.29016083	30.0677016	29.8481625	30.29312305	28.53194392	30.77371563	29.18495044	29.78578196	29.65983688	29.61918779	28.99046135	29.34402972	30.28181695	30.00470983
hsa-miR-99b	29.1724885	28.10497825	29.30532336	28.96053554	29.36102608	30.33905126	28.28698114	30.04572078	28.7763745	30.75796073	28.60021131	29.95035003	30.69669936	29.49322254	28.26307712	29.83938483	30.17718642	31.02073745
hsa-miR-326	29.1864406	27.54978508	28.54651181	28.84909835	29.61811521	30.13718825	28.6070437	29.55285575	28.1335221	30.61915583	29.05383576	31.26748452	30.88192109	29.42376444	29.11717779	30.06657097	30.4460699	30.70548556
hsa-miR-140-5p	29.7572633	28.06671832	29.60776651	29.4279548	29.64297568	29.68964679	29.34860731	29.79883352	29.16704397	30.05018498	29.21036656	30.01783371	30.08367406	29.26550982	28.70640355	28.53565944	30.44682854	30.19922291
hsa-miR-328	29.58382115	28.09315245	29.43768008	29.19325018	29.48901894	30.51584969	28.85401118	30.23425042	28.72838347	30.5514663	29.30787621	30.26846525	30.76861974	29.74163383	28.91310517	29.67983856	30.43501171	30.52769044
hsa-let-7e	29.62696581	28.285194	30.10171067	28.93762136	29.36066703	30.49868885	29.11940055	30.22511732	28.64430273	30.89321496	29.54670561	30.11543582	30.60541269	29.05400109	28.31694311	29.91592971	30.70661013	30.32712395
hsa-miR-486-5p	29.24938321	27.81220729	29.03129589	29.00002196	30.06648087	30.83859799	27.89402813	29.75537649	28.23822971	31.02962105	29.47005572	31.24662503	31.46267387	29.57183131	28.84812426	31.17427332	30.46921102	30.78866578
hsa-miR-29b	29.97003459	27.83459545	29.27648856	28.59651204	29.89599419	30.03818445	29.22213476	29.2603979	28.4255677	30.52812195	28.99629761	30.32221127	31.10921591	29.47290486	28.59401398	29.25568633	30.55520863	32.77359311
hsa-miR-30e*	29.77795656	28.31057522	29.74690528	29.46401046	29.85192355	30.72828439	29.74077717	30.05098488	28.81816717	30.7294187	29.32224807	30.45083446	30.61697439	29.4755511	29.33014767	29.3019809	30.67788671	30.45079947
hsa-miR-30a	30.1058437	27.90540983	29.21456418	30.11933847	30.85280896	30.99369362	29.18639266	29.19942277	28.64938751	31.94346759	29.60593268	30.1371025	31.46973208	29.55865161	28.81369017	29.12368216	31.0476495	30.54342827
hsa-miR-22	29.52459386	27.80587956	28.90782372	29.7281013	30.31177886	30.24902262	29.01313761	29.68211006	28.42651452	30.97709678	29.81281009	31.67986137	32.21410663	29.78329223	28.93850706	30.28370364	31.07791502	31.65926593
hsa-miR-301a	29.92162427	28.01255665	28.91970782	29.82230227	30.72812724	30.96454438	29.6732792	29.34531495	28.81223326	31.51504192	28.85751049	30.58524853	31.52847026	28.80543673	28.92139273	29.95496751	30.97870713	31.55694265
hsa-miR-146b-5p	30.2506256	30.33671302	30.21306728	30.10246449	29.94506096	30.30504347	30.20901779	30.74772625	29.59684216	31.45503896	29.4689595	30.64794156	29.77911084	29.93002673	29.56644913	29.1999626	30.18399527	30.26575681
hsa-miR-363	30.65950792	30.09500025	30.64125711	30.6260171	29.77285201	30.49247995	31.20791201	30.85525498	30.50237934	31.61323835	30.30587772	30.7480007	30.67784276	30.20987054	29.93036709	29.6776655	31.14351311	30.2138602
hsa-miR-425*	30.15895317	29.01814424	29.87758931	30.2970249	30.76154321	31.0454457	29.68496545	30.85498914	29.79079422	31.2381421	30.03087754	30.93825416	31.7848879	30.55005496	29.63122319	30.12972356	31.69265346	31.34626088
hsa-miR-10b	30.91383848	31.0674398	30.30429684	31.21757696	29.99379995	31.21714892	31.44821341	31.93745764	30.80552362	31.28994313	30.18401245	30.78181012	30.47334219	30.04688148	30.74282157	29.19986184	30.56434365	29.82274088
hsa-miR-376a	29.49316384	27.77090427	28.33682078	30.26745434	33.11482309	31.33277864	28.10193436	32.23928069	27.08504498	33.19412147	30.02636365	32.81337889	32.12150826	32.18923256	29.36190402	32.5067282	31.18804992	30.99753402
hsa-miR-152	30.31549639	28.94358787	29.09173014	29.8040864	30.49547765	31.51283552	29.74253734	30.22130974	29.25120042	31.94442377	30.79184386	31.85258628	32.17932189	30.73743529	29.68001016	31.26086387	31.49334197	31.93931779
hsa-miR-133a	30.50696856	29.74742084	29.66716131	29.83728281	32.15561591	29.45764173	29.69276249	31.24305086	29.09745195	32.60593713	30.95414076	32.42069669	31.4940106	30.96451756	30.76967734	31.96350779	31.02467593	29.93650935
hsa-miR-361-3p	30.78931114	29.93264602	30.17112127	30.44584051	30.7552023	30.65487736	30.74500944	30.80352501	30.07147245	31.00842131	30.61946478	31.61170461	31.17713741	30.25583084	30.98207272	30.24247867	31.01430047	31.61624533
hsa-miR-22*	30.4932664	28.79570706	30.59336067	30.53870949	30.86223238	31.14123485	29.49755718	30.61942479	29.53471001	31.61448282	30.45091917	31.98980476	33.30558187	30.15372407	30.28227579	31.8452094	31.5409485	31.99808633
hsa-miR-181c	30.78019102	30.29586483	30.92421442	31.17788927	29.94233264	30.94156231	32.00340474	31.67420039	30.82619109	31.90662887	30.31236363	31.19018354	30.82856588	30.45361216	30.90369746	29.84301373	31.04666106	30.58573463
hsa-miR-376c	30.0440159	28.02373929	28.86947057	30.49771747	32.49283158	31.74555004	28.34702299	32.63166668	27.6487361	33.47735624	30.43184463	32.94099039	32.75912231	32.56283386	29.73732599	32.96138783	31.64744632	31.49394463
hsa-miR-505	31.08889755	29.83025246	30.70770086	31.4373629	30.96400535	31.47271775	30.891459	31.22296805	30.340436	31.96905458	30.8397727	31.91500009	31.96644701	30.56026294	30.26563186	30.42242462	31.81527951	31.68750433
hsa-miR-34a	32.47449475	30.82322436	31.29846574	31.76443303	31.00479144	31.44818593	30.59967588	31.08157244	31.68915899	31.0069852	31.24422579	31.58081764	31.82520106	30.21545046	30.82112995	29.7823675	32.04156262	30.2564629
hsa-miR-18a*	31.99025103	30.69692199	32.13398796	31.11054751	30.55220621	31.65133318	31.17716359	32.00315631	30.92764253	32.01734685	30.83765835	30.86141525	32.19385773	31.06866148	30.98369154	30.45774782	31.55969248	31.30818125
hsa-miR-199b-5p	31.420413	30.61638429	31.75935451	31.76836675	30.99781213	31.67194648	31.08146339	31.82063309	30.74879926	31.96098149	30.7778099	31.56709399	31.84067638	30.80752016	30.46126718	30.28502514	31.71157071	30.93305874
hsa-miR-127-3p	30.88807011	29.23455021	30.52269755	30.99005329	33.53462207	32.20770227	28.55064508	32.56668911	28.70873717	34.64425085	30.98836157	32.89750901	33.29237626	32.45422831	30.5658391	33.82510619	31.61229955	32.02747987
hsa-miR-181a*	31.10255703	31.68347027	31.86114457	33.02449937	31.00261131	31.89871257	32.96084991	31.87073345	31.52738997	32.57229547	30.88537038	30.67152946	31.60475911	31.13861102	31.52615949	30.72407261	32.54461494	31.98863462
hsa-miR-1	32.24304831	30.50750724	30.76933313	30.48274102	32.98785933	30.46651995	30.77051932	31.73567598	29.77454583	34.01375008	31.46494093	34.68897499	32.32101458	32.37960636	32.39408455	33.72591056	32.06211412	31.68529463
hsa-miR-503	31.46456001	30.16922129	31.96285695	32.66848225	32.95069938	32.18553081	29.85827692	31.95027745	31.81891563	33.46264052	31.26029937	32.61338497	33.70278679	31.84063225	31.23372955	31.62275343	33.79165622	32.15519083
hsa-miR-133b	31.96072571	31.2850193	31.19334781	31.32701703	33.12993343	31.17429232	31.35165587	32.01854678	30.43746444	32.93629869	32.59081672	34.55382138	32.72111776	32.86122998	32.1060011	33.02767867	32.30150062	31.33988387
hsa-miR-195	32.98520683	29.70263971	31.8461201	31.54022438	33.32493474	32.09373808	31.81314138	32.16090054	31.3128284	32.67540152	31.57098634	32.33342157	33.44123195	31.92311044	31.11040165	31.79810029	33.28538526	32.671028
hsa-miR-154	31.34433665	29.27878458	29.56862244	31.57809085	33.53941237	32.46107787	29.78887658	33.72577715	29.20447742	33.4388708	31.57984867	34.69243467	34.78747714	33.22127736	31.42273244	34.48289338	32.02805542	32.20640437
hsa-miR-382	31.29224881	29.77194637	29.80787606	31.70817187	33.92118177	32.70208604	29.8124124	33.12213153	29.52884578	34.01654428	31.28828065	33.91380764	34.99901542	34.85154266	31.04754623	33.7924742	32.46450591	32.86253403
hsa-miR-532-5p	31.82849484	31.19411029	32.78962973	31.75888068	32.54568915	32.16132586	32.2807088	31.83270201	32.04367531	32.20927845	31.69946622	32.66943965	32.78965777	31.66138311	31.35868148	30.83888866	33.34504816	32.4401052
hsa-miR-582-5p	32.16362394	31.96739321	33.015132	31.49553633	32.30815347	32.69236105	33.10908495	31.66062997	33.59177986	31.25866742	31.22772064	32.54828323	32.20657229	30.88169585	30.80353557	29.99749924	32.55255601	33.23399102
hsa-miR-584	31.58104289	29.61238749	32.28567123	31.5231754	33.54754221	33.30890593	30.70908595	31.99838292	30.88879386	33.296321	31.77585753	33.77613368	34.42681325	31.83305099	31.07381658	34.04337182	33.22735586	32.96862366
hsa-miR-365	32.60102574	32.45517224	33.17418847	31.63618667	33.19210341	31.91286964	33.75864523	32.01017481	32.51355852	32.25237432	31.70124597	33.05675785	32.56005668	31.72118595	31.26773981	30.56916691	32.91822573	32.50175009
hsa-miR-200c	32.06550244	30.77708829	32.44137059	31.82158192	32.16480854	33.50099657	31.33685061	32.43279515	31.6327507	33.57474563	32.24272935	33.2574742	34.15354892	32.18349402	30.99319689	32.02591682	32.77848208	33.77006426
hsa-miR-130b	32.22938097	30.85422348	32.45741806	31.7807553	32.11982038	33.04239421	31.60210021	32.87780053	32.16907072	33.61984447	32.02743736	32.85507444	33.29523597	32.54050787	31.6273451	31.96619079	33.6114006	32.80134153
hsa-miR-744	31.76393967	30.33951569	32.53058406	32.19204233	32.72308587	33.43779673	31.63989836	32.56351932	31.51673661	33.69622981	32.28953503	33.31289279	33.84314431	32.63600392	31.64878654	32.27343111	33.55758207	33.80437059
hsa-miR-92a-1*	32.25260718	32.63492541	34.11886705	32.81308084	31.27208827	33.20028959	34.67451538	32.58959693	32.56075276	32.95108107	31.84352149	31.86848936	32.23244585	32.76365215	33.04909255	31.4356509	33.20115646	31.91713039
hsa-miR-92b	33.00125496	32.15719681	33.60602182	32.26966487	32.15673125	32.69746677	32.79922006	32.42208392	32.69412191	34.20160604	32.03064908	32.57618023	32.52585155	32.94376639	32.52331989	31.24184614	32.56291871	33.21820834
hsa-miR-421	32.7662304	30.95123871	32.98695495	32.48807777	32.5316633	33.66171549	31.86474828	32.25643083	31.79332982	33.00592072	31.93921951	33.01163056	33.8305898	31.8982907	31.83454384	31.98546139	33.44837969	33.49506343
hsa-miR-625*	31.66606193	31.01247509	31.21588684	32.75502624	31.90100932	34.9880518	31.73532649	32.19985101	31.45008613	33.83772468	31.74693596	34.08857108	35.17368068	32.09016979	31.45022482	32.80265013	33.72502294	34.32494071
hsa-miR-296-5p	33.5023894	32.21044585	31.93012483	32.02462277	33.04866699	33.55660616	32.02882198	32.59808027	33.51413468	33.49929002	30.76992899	33.59001261	34.52226576	32.65031858	31.13392662	32.94388755	34.3530636	32.6658294
hsa-miR-629	35.02882407	33.11180317	32.63777187	33.05435452	33.50118568	32.9229444	33.06698554	32.90578867	32.81531653	33.26678309	33.24001577	32.93399368	33.24106326	32.14338551	32.72561981	31.88071726	33.77217849	32.69450198
hsa-miR-500	33.79358747	32.64619069	34.67460222	32.67008721	32.72526745	33.21836777	34.12604786	33.01166044	33.24189838	32.76787654	32.43820298	34.07031641	32.99705939	32.47039115	32.10925309	31.59884596	34.31074735	33.2143249
hsa-miR-411	31.90009983	30.25279218	31.24566275	32.60399738	34.50259944	33.47598585	30.23278926	35.15499827	29.78769688	35.86423273	32.49328985	34.05832627	35.52032662	36.0059587	31.86477676	35.21510623	34.17031992	33.03407047
hsa-miR-330-3p	32.58178617	31.4559648	33.65074415	32.72686569	33.19634327	34.76630873	33.28809724	33.56857493	32.28906047	34.72009354	32.94242447	34.60090326	34.75996034	32.88634488	32.22085746	33.71074011	34.0957785	33.90643481
hsa-miR-99a*	33.26083826	33.28070283	33.32492893	33.57879061	31.89775581	34.44308779	35.25612616	35.19180613	33.60427306	33.46961954	32.78288202	33.81832082	33.46420303	33.66845597	34.27114322	34.10929103	34.12593601	33.46502399
hsa-miR-30b	24.6352157	23.06449067	24.56848973	24.06432913	24.12785868		24.58956899	24.88590344	23.84378576	25.47851172	24.22444592	25.04074316	25.46503852	24.50474966	23.93795427	24.31293583	25.38006086	25.18245925
hsa-miR-30c	25.89404243	24.32168294	25.72361133	25.46972799	25.45836276	26.55081628	25.88226133	26.36579766	25.10860942	26.82240047		26.33217499	26.80406625	25.88647401	25.27315603	25.58115348	26.78863056	26.50943445
hsa-miR-30d	26.95547613	25.74102556	26.96514691	27.55697395	27.992261	27.91541645	27.60264867	27.74307909	26.77022662	28.49996959	27.30508751	27.83167024	28.65867195	27.96402152	26.42454927	26.92458654	28.06904138	28.17606881
hsa-miR-551b	28.61744382		28.07857489	27.49291249	26.45984114	27.66973066	29.41535531	29.32284794	27.96715088	28.92457857	27.68722106	28.32941356	27.68852547	27.78755372	28.01455883	27.64823878	28.00838445	27.62325834
hsa-miR-10a	28.76151828	28.75834253	28.6682183	28.06164063	27.05815494	28.41634806	29.77413742	29.7367323	28.46958107	29.58677974	28.28454398	28.26932468	27.94097033	28.27581296	28.53324848	27.565878	28.33001061	27.75852446
hsa-miR-324-5p	29.19687767	27.66045304		28.79244275	29.24917407	29.93451075	28.68505077	29.4727432	28.50126947	29.83016182	28.90804961	29.91647932	30.49063956	28.97294533	28.67167835	28.97375806	29.94554711	30.17111734
hsa-miR-324-3p	29.73754837	28.24187085	30.00998932	29.46724451	29.10463034	30.15839379	29.52288631	29.61477306	28.92439859	30.49297711	29.22018886	29.89062181	30.45712342	29.5120627	29.25463131	29.24168916	30.19394071	30.45636159
hsa-miR-139-5p	29.3222651	28.29609733	29.35082801	29.77914593	30.12799057	30.8058698	26.98408523	29.51067193	28.5995085	30.70851603	29.2068924	31.2593777	31.00430617	29.51999836	28.62248974	30.87516291	29.80385541	32.0006057
hsa-miR-143	29.80950353	27.83167583	29.34425018	29.88240664	30.90508241	31.10468456	28.7472955	30.34984194	27.92677975	30.19182201	29.79396884	31.70145277	31.74818584	29.05348226	29.61820203	30.29935285	31.25392493	31.91421402
hsa-miR-192	32.04614344	30.52369642	31.64275346	31.8374783	31.80069649	32.29535714	32.05839616	32.80951642	31.11306036	32.86371829	31.87779238	31.64593178	32.11289824	30.95674015	31.44100012	31.43241064	32.2080389	32.52077821
hsa-miR-301b	33.02570696	30.76260768	32.28788072	31.44144549	32.54894354	33.89684653	31.95299556	32.49923537	31.62942722	32.59101865	31.55713583	33.56239119	33.18913146	32.31659642	31.94900745	32.45558874	32.65871164	33.46416575
hsa-miR-376b	31.46072945	29.61777721	30.17289149	31.57362247	35.04124699	32.99568262	29.85878469	33.68465332	28.95471722	34.26285209	31.64322907	35.31725427	35.19675047	34.2980105	31.91538246	34.87682711	33.22322422	33.029177
hsa-miR-340	32.01200162	30.08987099	31.72182125	32.54747339	32.34855162	33.17017975	32.22166268	31.86807045	31.50338837	36.66854712	31.55159978	32.95100625	33.70670061	32.73930014	31.48336787	32.04014398	34.21827018	35.00701515
hsa-miR-450a	32.03899131	31.88828257	32.99250338	32.61386557	33.61897628	32.63505661	32.04984087	32.97809393	32.6282542	33.75898508	32.24890043	31.78237053	33.68834754	32.48991873	31.60452135	30.89546827	34.2952305	33.61301554
hsa-miR-491-5p	32.35020917	31.13169429	32.9112659	32.68064779	32.75409004	33.09091262	32.02862517	32.74182565	31.32077607	32.9703372	32.42478488		33.29671657	32.45633604	32.50826862	31.91631523	33.87417634	33.46661308
hsa-miR-370	31.43815043	29.71383628	31.74939785	32.22491544	34.76965623	32.98798372	30.65011939	33.81335919	29.34356763	34.21134093	31.78756139		33.72683402	36.27215322	31.99568698	34.52228446	32.95757134	32.62728047
hsa-miR-29b-2*	32.86444155	31.61117226	32.45727756	32.06207256	33.0830014	32.43572357	32.5310827	33.02071675	32.49703455	34.05035528	32.29605353	32.57790381	32.58544504	32.72891993	32.44725978	32.73556481	34.29278427	34.09045878
hsa-miR-497	33.41562234	30.51539038	32.57271587	32.50557207	33.1254594		32.09222726	33.01348538	31.98897095	33.60399875	32.01500141	34.61220275	34.77333954	32.24782662	31.8795115	32.82137122	33.61912013	33.6772698
hsa-miR-98	32.80575704	31.55092699	32.72949621	33.31330084	32.97237188	33.78321327	32.44752677	33.10863068	31.94399832	34.11958766	32.49045862	33.93548278	34.27136191	32.84029908	32.13067616	33.16807814	34.17471382	34.43032766
hsa-miR-32	33.54893443	31.46898123	33.80327201	32.54526055	33.22404269	34.02199825	33.57928259	32.43301874	31.19737253	33.89263206	32.28476991	33.12563644	34.5368141	33.15581504	32.62679321	33.32051958	34.57606116	34.48315571
hsa-miR-660	33.16990782	32.08183477	33.44616062	32.83068046	34.05134086	33.51326607	33.34676915	32.187444	33.78973844	33.72019359	32.90982248	33.99434419	34.13468785	32.2837618	32.36049371	31.66007938	33.97583444	34.67003598
hsa-miR-141	33.23853534	31.76592649	32.76774532	32.80633023	32.84412089	34.14243684	32.07553516	33.10563034	32.66669926	33.41605032	33.53979434	33.73521205	35.72186155	33.03002857	32.33693031	32.60977873	34.6931436	34.72954832
hsa-miR-628-3p	32.3468019	31.43773159	33.0121185	32.07707747	32.86077765	34.11822871	32.78160012	33.76502889	32.86343243	33.44280992	32.38420358	34.9593819	34.97701529	33.13178997	32.85429397	33.32027633	34.07174383	34.35307908
hsa-miR-21*	33.46689229	32.71099465	33.57839166	33.55651923	33.70047126	32.52616137	33.78351562	32.90158821	32.75337108	33.26295025	32.7178911	34.01241573	34.08639176	33.23196733	32.95959531	31.87477699	34.99856944	34.57041776
hsa-miR-196a	34.64212307	33.79861547	32.85810467	32.9261201	34.09965616	34.82238713	35.88129827	33.6405084	33.7690206	33.34908468	32.76989643	33.14645294	34.2418205	32.53347868	33.09214452	33.05625251	34.46899385	33.58258107
hsa-miR-299-5p	33.16111934	31.54823702	31.94642782	32.98585782	34.70358854	33.52886846	31.08021963	34.33408114	30.51840431	35.84447109	34.43167035	35.75418938	35.25494608	34.55939035	33.09333629	34.96377268	35.86148325	33.44766427
hsa-miR-194	33.48674989	32.49012941	33.82364018	33.57946313	34.12523953	34.19871405	33.25863552	34.01629692	32.66507762	34.1844988	33.47077667	34.23340923	34.98228629	33.34640366	32.85020692	33.22588977	34.56805332	34.2539237
hsa-miR-215	33.64335022	32.56336738	33.44337469	33.92735812	33.98683808	34.08476544	33.61361269	33.98479827	33.10519989	34.66186971	33.82994374	33.83022374	34.72133284	33.74839003	33.60972782	33.62679666	34.30297076	34.90714103
hsa-miR-153	33.10356137	32.01304991	32.69651303	33.35693983	36.15024012	34.47040207	32.61220454	33.7180572	31.72090911	34.50615999	33.8837838	34.70182176	35.98483355	33.23303331	34.19864761	34.29812975	34.78254698	34.96106213
hsa-miR-377	32.7950624	31.04946114	30.63938844	33.75934094	36.94774456	34.92399854	31.3519048	34.85801173	30.45657147	ND	33.47621427	36.50803867	36.91295629	34.62038135	33.06802118	35.57789404	34.3602686	34.34064748
hsa-miR-627	34.69795426	33.15037493		33.26829677	34.07470028	34.89930779	33.77288764	33.9915149	33.93340289	34.72529564	34.25448015	33.3518418	34.13684608	33.70393867	33.05474618	32.84116551	35.09416432	33.90836325
hsa-miR-7	34.34473537	34.43697172	34.09211868	35.84836677	35.4648789	33.72800277	34.48172041	34.27011772	33.836501	34.96078108	34.34355684	35.84876822	35.47593778	33.9023043	33.80475551	34.64233935	35.50390938	34.43760736
hsa-miR-651	35.00405194	33.26181697	34.00848081	35.62145894	34.58357756	35.56552725	35.09983257	35.50624257	34.23048414	35.4666734	33.81229293	35.15467302	34.65796073	34.17709042	34.56983078	33.97878526	35.11289433	35.53246345
hsa-miR-200a	35.21597571	34.48584798	35.65303701	35.69626626	34.13741808	35.06292399	36.72023774	34.46323901	34.78560682	36.54288575	36.01536369	35.0096198	35.81837503	34.14380601	35.43931223	34.55427611	35.65347617	33.6487262
hsa-miR-148a	30.64074968	28.11265505	29.17380858	30.30299648	30.14905553	30.81450907	29.19741299		29.02464891	31.90819947	30.03517632	31.12108082	32.68952841	29.98612017	29.34428178	30.38069038	32.20426585
hsa-miR-410	31.79766747	30.50440927	30.15582043	32.81952049	35.67910747	33.32102419	30.49645858	34.54205251	30.10685029	34.86058737	32.84579387		35.89100556	34.91353401	31.6875627		33.23260599	33.78145545
hsa-miR-542-5p	33.43857881	33.31357274	35.44689439	34.06385228	33.9895159	33.59835348	34.05592269	33.98118207	33.48309206	34.77606526	33.72188181	33.7231068		33.77978403	32.89070057	32.92143869		33.45783921
hsa-miR-182	33.89498157	31.0792586	33.65890789	33.7477913	35.08466646	ND	34.15435464	34.12812596	31.97964113	35.00524027	33.21531553	35.92695058	36.87323535	34.95726102	32.19078167	34.71672107	34.64687985	35.75979681
hsa-miR-501-5p	36.27210946	33.7697818	35.55931602	34.29689912	35.09991921		34.69357507	33.97136246	34.69557954	33.65800983	34.21494976	33.86999443	34.69469577	32.75130626	32.92312698	32.85513724	35.77012048	34.72966673
hsa-miR-9	34.75855058	32.97220323	34.60445797	33.71520139	34.4871437	ND	32.06815836	34.13107463	33.52995407	34.18442105	34.07677273	36.80871892	36.88271622	34.81295236	33.61217734	34.46760689	35.10411449	35.94729229
hsa-miR-545	33.77645623	32.27765948	34.81955169	33.74713752	35.45804064	34.72373817	34.67751095	34.47331192	33.72646183	36.03095686	34.1891844	35.09905903	ND	33.61003452	34.18533395	35.13317467	35.78350183	36.42149291
hsa-miR-487b	34.03161065	32.10765548	32.47745428	33.78124692	36.88519485	35.97067795	31.98478494	36.23845918	31.30404543	36.45544796	34.82488344	36.95100011	36.56133703	36.44375567	33.57131948	ND	35.61115927	36.11106719
hsa-miR-135a	35.00478615	33.68187168	36.26900816	35.12724121	35.66376536	36.46848365	35.45373555	35.30540611	34.5747042	36.46986916	35.46429315	35.54737813	36.26081951	35.5817165	33.80037896	35.1775826	ND	35.0039963
hsa-miR-200b	36.47633091	34.38560944	36.17834815	35.86117569	36.7075996	35.82617174	36.07745575	36.82109477	35.06869301	36.18894365	35.93553359	36.63091107	ND	35.68393453	35.05375688	34.71546418	35.93149187	35.20971125
hsa-miR-151-3p	29.50213726	27.03506403		28.23722028	29.69306122	30.28773152	28.78089964	28.85786577	27.64434061	30.21357756	28.78911906	30.52474361	31.05720706	28.79768798		30.79613727	29.97343905
hsa-miR-210		30.86111431	32.67130958	32.14128724	32.9531047		31.16161209	31.93817103	30.89304568	32.58010619	31.88700764	32.83740467	33.49813054	32.11318167	31.29585482	32.67624319	32.67315184	33.15689347
hsa-miR-132	32.71798652	31.2792878	32.29303729	32.91502003	33.30474658		32.28677034	32.18713492	33.07417851	33.72111883	32.23767132		34.33520131	32.65159173	31.95730043	32.75962184	33.4702715	34.60967947
hsa-miR-193b	34.71565935	33.68052938	33.44922852	33.86046315	35.59295948		34.65554757	ND	33.672816	35.46401768	36.63708244	34.30712319	36.63495908	33.51134886	33.18980707	33.2354955	33.62982567	35.10645604
hsa-miR-570	34.47457887	35.0179353	ND	34.74070934	35.01816423	ND	34.33162692	33.95756284	35.85005991	34.82697499	34.21782983	35.84374031	35.9636096	34.88258187	34.06273725	34.34041989	35.84364608	35.71536565
hsa-miR-20b*	36.03432627	35.82699073	34.96038765	35.17328995	34.91701473	34.97148717	36.73560138	35.62982302	35.4837842	34.95853204	34.84553757	ND	35.05281519	34.32332193	34.49803839	35.75691725	ND	34.84986363
hsa-miR-576-5p	35.82428337	34.71083176		36.18707401	35.78726692	36.25599745	36.55291595	36.00576401	34.74549171	36.44688128	35.63945017	36.43496684	ND	35.22447093	34.92907395	35.85967436	36.85527862	36.13269827
hsa-miR-27a	24.91046927	23.20832075	24.32387398		24.34082165	25.11961794		24.64886845	23.69821718		24.1587617	25.72195252	25.77129139	24.22076817	23.84043244	24.6542539		25.71304621
hsa-miR-329	32.82636062	31.23382788	32.43497675	33.64798454	35.54520826	34.49830963	31.27192459	ND	30.74227104		34.80175203	35.58911043		36.50841347	32.74732028		34.30201225	34.74566742
hsa-miR-369-5p	33.93661688	32.84358544	32.36369937	34.12695549		35.71571579	32.27805965	35.90731884	31.22998243	ND	33.82323054	36.88770772	ND	ND	34.08604283	35.8861014	36.1403575	36.20168897
hsa-miR-493	35.2313269	32.49025295	34.66141286	35.50269743	ND	35.21520689	33.87973794	35.94802457	31.87760976		36.24732899	36.75611209		35.7614033	35.42729161		36.80866058	35.20518691
hsa-miR-374b*	35.96635011	34.52519648	35.3112505	36.08700695	35.91055547	36.13710328	35.89778799	35.82018084	34.63127252	36.12469465	35.28273497	ND		36.86538182	35.56864671	36.13691004	ND	35.81571507
hsa-miR-362-5p	36.67389189	35.52807362	ND	36.15520151	36.13321227	36.63121741	36.17651687	35.42866519	36.26728827	35.99883331	36.05680673	36.58861138	ND	35.25395688	34.94475051	34.72583847	ND	36.47911636
hsa-miR-26a	24.31560286	23.2539991		23.29035321	24.14044263			23.84495528	22.88916503		23.22707975	24.78136139	24.74253858	23.85636041	23.82755645	24.20869645	24.63469429	24.89005107
hsa-miR-33a	28.21998645	25.97127032	27.81944693	26.6579374	27.15046885	29.0813168		27.35557419	26.50539273	29.84445701	27.32091835		28.79952965	28.00174826	28.29030761	28.03625934
hsa-miR-574-3p	30.81143326	29.51721712	30.34683135	30.00648419	30.64473883	30.83656271	29.67179067	30.74466678	29.56319753	30.78224442	29.96027853	ND	ND	29.75514702	29.53915644	29.67293914	ND	ND
hsa-miR-409-3p			28.92442477	30.61620984		32.03060075	28.58623045	32.48642855		33.33652701	30.53812751	33.66565202		32.86789594	29.80065707		32.12731982	31.60399206
hsa-miR-379	34.2846715	32.72162999	33.17086003	33.69283669	ND	35.82029904	31.86002347	35.24075258	31.44487464	ND	33.76166399	ND	36.65741686	ND	33.28383312	ND	35.46099079	35.88015683
hsa-miR-654-5p	35.66227934	33.53562619	34.1902249	35.48199374	35.83004713		32.52888328	35.05962845	33.8038755	ND	35.01326149	36.05650808	35.51636941		33.66862236			ND
hsa-miR-323-3p	34.29567471	32.69869873	33.89455429	35.80565802	ND		32.74098514	35.97973588	32.9226995	ND	34.98112041		36.97287969	36.76151278	35.45562263	ND	35.76204042	36.24321555
hsa-miR-95	ND	34.43515141	35.08562969		36.84082146	35.65550777	35.9296912	34.31705538	34.25168549	ND	36.70720617	34.83521042	ND	35.09539129		34.63830309	35.1838723	35.76790015
hsa-miR-124	35.89909845	36.53468211	36.21112456	34.83574364		33.20097535	ND	36.11030005	35.33647548	33.6739278		36.63657461	36.62503373	33.72256795		36.10493406		35.90641388
hsa-miR-877		33.63072132	35.51798539		34.01389893		33.76410131	34.30026592	33.05815089	34.63842812	34.07930277	34.44275063	35.9363719				34.45253265	34.84425233
hsa-miR-100	36.75802739	34.1221768	ND	34.09980104	36.02422571	ND		35.75090819	36.51985462	35.38606809	35.16355577	35.82728753	33.84145874	34.08327687			35.53128182	ND
hsa-miR-602	35.59284604	35.04036333		35.6412821	ND	34.17355236	36.5385839	35.04764079				35.15891625	36.44684995	ND	34.05392354	36.52236885	35.73329158
hsa-miR-193a-3p	36.85378393	35.37741178		36.65906114	ND	35.58771064		35.68126382	34.93708767	36.42336086		35.93310412	ND		35.82679771	34.16162884	35.96967178	36.81892612
hsa-miR-188-5p	35.85118642	35.5302761	ND	35.58514688	36.78956046	36.51107083	ND	35.74432936	36.99583314	36.64127415	34.99990937		36.7294905	35.84811089	35.61246465	34.43183162	ND
hsa-miR-514	36.23159371	36.59994775	36.46892822	36.92204454	36.83030534	ND	ND	36.69776661	36.21490575	36.50342489	36.86815423	ND		36.60662522	35.90158695	ND	ND	ND
hsa-miR-27b		23.64325479		25.10605489	25.71096021			24.91248633	24.16821927		25.43229904	26.12761749			25.22166114	25.76962311	26.45371587
hsa-miR-431		31.74418745	32.35187654	33.9018153		34.17495832	31.92470591		31.13432062	35.86477268				35.13761919	33.31751546			34.51407886
hsa-miR-663		32.75863985	33.72676201	33.85233575	34.22393253		33.76703161		33.45827684		34.16045572	34.04824976	34.05996482	34.06722462			33.99567281
hsa-miR-452	34.66524312	30.29356265	35.46321187		ND		35.63746126	36.77561964	34.85118617		36.12343913	ND		34.50343696	36.02182619	35.28208643	35.74428492
hsa-miR-708	ND	36.04913052	ND	36.97538711	ND	36.86155308	35.83259901	35.06245328	ND	34.85220682	32.80988837	36.82409064		36.0318372	32.13571625	35.92120836		ND
hsa-miR-886-3p		34.61708906	ND	36.00874099		36.24368168	34.69754631	ND	35.15680686	34.55593607	ND			35.57332562	35.42793193		36.70129407	36.18819297
SNORD49A				22.58195571	22.05144615	23.06481263		23.10849641		23.63020476		23.02482217	23.65753563		22.57364798		23.42969571
U6				23.61320072	21.88012641	21.78767354		23.65093176		24.85504415		24.97590704			24.92267927		24.81658443
hsa-miR-671-5p	33.96662396			33.59269437	33.15263299			33.59725254			32.97041891	34.42597595			33.08403791		36.2382231	34.59242358
hsa-miR-620		36.83875596	35.5548888	34.90356456	35.20315362	34.00003959	34.16451794	33.50953333	33.97966865	34.50335647	34.51488344
hsa-miR-381	35.93952344	33.59918201	34.0204197	36.06653276	ND		33.44984713	ND	33.14007622	ND	35.64682065	ND			34.92247844		ND	35.6757037
hsa-miR-337-5p	35.71283136	33.30370062	34.82525281	36.7284881	ND	ND	33.43124148	ND	32.78448336		35.51295742				35.25333563		36.63642095	ND
hsa-miR-550	36.01435834	35.45781527	35.46728397	35.55723376	36.52914651			ND	35.89928033	36.06017161	34.86731317				36.87555968	ND		35.15340421
hsa-miR-187	36.00033997		34.93682628	35.86833555			36.07154939		35.96791908					35.66526084	35.12554241		36.01460719	36.85890563
hsa-miR-138	ND	35.48119986	ND	36.15189994	36.69532154	ND	35.71560195	36.62004751	33.44449027		35.80757894	ND		ND	35.64116201	ND	36.78233203
hsa-miR-34c-5p	36.82435708	35.84592261		36.66714275				35.64023226			36.49345112	36.59268406	36.66531361	36.55075298	36.93565078	36.75552254
hsa-miR-128		28.3435186		29.89755921	29.47273578		29.25603276		29.25744269	31.14527079			30.74931686	29.88531782			30.82535583
hsa-miR-154*		32.72593288	32.93893971	36.03216652	ND	36.75531033	33.87329594				35.62507037				34.87506967			36.57919605
hsa-miR-204	34.69465915	34.613704	36.54101788		ND			35.72852438	36.10387543		34.93976953	33.94903659	ND	36.70231775	34.35219731
hsa-miR-361-5p	36.93694413	36.77710886	ND			ND		36.2019021	36.22878017		35.64484703	ND	36.59811537		35.84040719	36.42971826	ND
hsa-miR-193a-5p	36.98397533	36.762943	ND	ND	ND	36.93657186	ND	36.73586939	ND	ND	36.54127176	ND	ND	ND	36.54679383	35.46622346		36.62199441
hsa-miR-127-5p	34.80574436	34.26379326	34.57556713	36.96022057		ND	33.89750212		33.10735485		35.81402682	ND	ND		35.83637311	ND	ND
hsa-miR-433	34.85613865	33.82902418	34.76466121	ND		ND	34.4350261	ND	33.51413578		ND						36.69444097	ND
hsa-miR-373*		35.3595164	ND	ND	35.1758289	36.28512879		35.57756142		ND	35.74030458		36.64310891	36.71012357				ND
hsa-miR-576-3p		35.75123006			ND	36.57210641				35.70519563	35.98193933	ND	ND	35.04468784		36.56244247		36.40158056
hsa-miR-449a	36.8233128	36.41181794	36.82615406	36.96457068			36.88181243			36.9432865			ND	ND	35.53876209		ND	36.40518381
hsa-miR-539	36.11150957	34.57901543	36.11862553			ND	35.45888261		33.67385421		36.96110537				ND
hsa-miR-668	35.78828216	ND	35.5259378				36.18957674		35.31778176						35.44926833		36.83589716	35.67851752
hsa-miR-149		36.42767541		36.46334651	34.95972725	ND	ND	36.58830323		35.74166809					35.80998238	35.85737176	ND
hsa-miR-26a-2*	ND	35.86859739	ND	ND	36.93561219		ND	ND	36.00642646	ND	36.43198089	36.91174924	ND	ND	36.6230194	36.8535649		ND
hsa-miR-31*	ND	ND	36.57561479	36.169706				ND		ND	36.63550003			36.69687637	36.45041598	36.52660051
hsa-miR-589	34.10836844						34.54148476			34.80174364	33.58418581			35.11415221				34.4602616
hsa-miR-337-3p	36.96474307			36.8243673		ND	ND	ND	33.78290603		35.09120831	ND			35.16403723		36.78147384	ND
hsa-miR-760		35.87259796		34.80370815	35.61040761		ND			35.99973938							36.24754378
hsa-miR-449b	35.8875449			36.74621205	ND		35.65330775	ND	34.90755584						35.95471003	36.70002036
hsa-miR-940	29.44998195		29.32772654								29.20144738						30.55704586	29.72036911
hsa-miR-622	34.25767639			34.76238657									35.68652145		33.61061042	33.57694835
hsa-miR-31		34.10703207					36.13115235			35.85230357				35.09605414	33.18385342		ND	ND
hsa-miR-224	35.84838131	34.32960115	36.82349926	35.34012835		ND	ND	ND	35.26319337	ND		ND		ND	ND	ND	ND
hsa-miR-147b	35.8238722	36.2879108		36.61762016		ND		ND		ND				36.02313203	ND
hsa-miR-211		ND	36.89611774					ND			ND		ND		35.80284796	36.77797628	36.77572111
hsa-miR-873	ND	ND	ND			36.68689146		36.23241616				36.40330913				36.41272772
hsa-miR-205	35.91774479			ND			36.26763982	35.75389595
hsa-miR-494	ND	35.66749259	ND	ND			ND	ND	35.47877172		ND				36.97137955
hsa-miR-363*							36.21621374			36.16248034								36.52696245
hsa-miR-218				ND	ND					36.41471947	ND	ND	36.72930772	36.25082852
hsa-miR-483-3p	ND			ND	36.85286995		ND	36.61403651				ND				36.23507829
hsa-miR-518c*			36.89430504					36.41273781									36.94231712
hsa-miR-886-5p	ND	32.52709739	ND	ND		ND	33.02569711	ND	ND	ND	ND	ND	ND	ND	ND	ND		ND
hsa-miR-499-5p	ND	35.65896875			36.45959836	ND		ND
hsa-miR-429		ND	36.57723668					ND	36.17443071	ND			ND	ND	ND	ND
hsa-miR-299-3p	36.85765247	36.46953393	ND				ND	ND			ND		ND			ND
hsa-miR-518f															36.72335042	ND		36.98425665
hsa-miR-520c-3p		36.98952291																ND
hsa-miR-517c	ND			ND				36.99822531								36.98197663
hsa-miR-595			ND			31.06775606				ND	ND	ND	ND	ND		ND	ND
hsa-miR-96		ND		ND	ND	ND			ND		ND				35.89456795
hsa-miR-9*			ND	ND			35.91441562	ND			ND
hsa-miR-519e*					36.22805799
hsa-miR-658											36.26022328	ND
hsa-miR-572												36.65075442
hsa-miR-617														36.7774336			ND
hsa-miR-765		ND	ND				36.7872218				ND			ND				ND
hsa-miR-519d				36.81714197				ND
hsa-miR-548c-3p		ND	ND			36.84140139			ND
hsa-miR-217													36.84815963
hsa-miR-596							ND			ND		36.86465293		ND	ND			ND
hsa-miR-375	36.86501635	ND													ND
hsa-miR-623						ND									36.90031225	ND		ND
hsa-miR-933		ND		36.90220996			ND			ND	ND	ND	ND	ND	ND	ND		ND
hsa-miR-509-3p	ND		ND						36.92437655				ND
hsa-miR-518a-3p					ND											36.96006751
hsa-miR-122									ND
hsa-miR-129-5p											ND
hsa-miR-134	ND	ND	ND	ND	ND	ND	ND	ND	ND	ND	ND	ND	ND	ND	ND	ND	ND	ND
hsa-miR-135b	ND								ND						ND
hsa-miR-137									ND
hsa-miR-147			ND						ND	ND	ND			ND		ND		ND
hsa-miR-185*	ND			ND	ND				ND	ND	ND	ND					ND	ND
hsa-miR-212	ND	ND	ND	ND	ND	ND	ND	ND	ND	ND	ND	ND	ND	ND	ND	ND	ND	ND
hsa-miR-214								ND	ND		ND				ND	ND		ND
hsa-miR-216a	ND					ND
hsa-miR-298											ND
hsa-miR-302a										ND					ND
hsa-miR-302d			ND
hsa-miR-302d*								ND
hsa-miR-346	ND	ND	ND				ND	ND	ND	ND		ND	ND	ND	ND	ND	ND	ND
hsa-miR-34b						ND				ND						ND
hsa-miR-373						ND
hsa-miR-455-5p	ND															ND
hsa-miR-490-3p	ND	ND	ND	ND	ND	ND	ND	ND	ND	ND	ND	ND	ND	ND	ND	ND	ND	ND
hsa-miR-491-3p												ND				ND
hsa-miR-502-5p
hsa-miR-506						ND
hsa-miR-508-3p			ND
hsa-miR-509-3-5p															ND
hsa-miR-510									ND					ND
hsa-miR-518b
hsa-miR-518c																		ND
hsa-miR-519a		ND																ND
hsa-miR-524-5p		ND	ND		ND		ND		ND		ND	ND		ND		ND		ND
hsa-miR-525-5p			ND
hsa-miR-526b*													ND	ND		ND
hsa-miR-548b-3p	ND	ND	ND		ND				ND			ND	ND		ND	ND
hsa-miR-598	ND	ND	ND	ND	ND	ND	ND	ND	ND	ND	ND	ND	ND	ND	ND	ND	ND	ND
hsa-miR-608												ND			ND
hsa-miR-631	ND											ND
hsa-miR-642	ND										ND
hsa-miR-662					ND		ND			ND					ND		ND
hsa-miR-885-5p		ND															ND
hsa-miR-887															ND
hsa-miR-888								ND					ND		ND
hsa-miR-934	ND	ND	ND	ND	ND	ND	ND	ND	ND	ND	ND	ND		ND	ND	ND		ND
hsa-miR-936															ND

Geomean(n=18)	28.30370312	27.0045112	28.12967374	28.01007036	28.2472592	28.83073992	28.00059345	28.55972947	27.54591772	29.20202372	27.93154688	29.01605562	29.29253197	28.13483153	27.66010331	28.10897855	29.07799997	28.92646355
